id 	 Predicted_Sentiment 
a8a0ac93e41e7ceb26bca1110 , 4 
8e49425c29ae64a876677f6d1 , 1 
d6ac464842b2678bf8280a4ea , 3 
fa2b5495a865b11647f1f7b6a , 1 
6d4c747b40070835f314e8cbe , 2 
8ddeb0d8866f38a9e116bdbc2 , 1 
1518b4adb9f2389312796d736 , 3 
15113dcb64cab5d4c1d8080b1 , 3 
814f318de367df49137a4289d , 3 
7d901a4a97ef0e776995cabc1 , 3 
a59f9a86d30a2dfed787e32f6 , 1 
3192f118224e52c28ca2caa8f , 2 
49789bb48e018da675faada40 , 1 
f5c666bb41b93add5c58bcd47 , 1 
39d65263c9f6a0815a32c40bb , 0 
3a28d51504fd9186e001fede3 , 1 
4010e4d2eca4b587949813332 , 4 
07b0f79a8d79b4b149726d9e6 , 2 
eeb6a393f804b59f47147e212 , 3 
013553e017e00eb7bd813afb9 , 2 
e26d64f9a8e8bcb59989b2e1b , 1 
2c703e308dfadbe2e0f6c1a57 , 1 
b99b382585822035544a9a25d , 1 
32e11aa5bdc2ca10c1fc724de , 3 
603018e0eff0b2b823faf1c0e , 2 
dde5de0b61728414afeaa5476 , 3 
f5feeb91cd820e1995b7fa184 , 3 
4f2db91ed3e50463fde09c62e , 1 
9079f926749afa8ba3c44d5bf , 1 
6f02c67e1cd49c1e0cbb41f1b , 1 
1740a1a80703e971c9adc5608 , 1 
39d9eae4c2bf1883ba93ca004 , 4 
aea48b6e5b1f747687f8ec5ed , 3 
421275892bb60e649f2e31d5c , 3 
2af6923127926ffc134dcd15f , 3 
ff2a1af413405d1bb356c1b55 , 1 
f6006c0a1af84d3bcdb6a4a0c , 2 
121ad731a101ca4dd94d943bd , 2 
6d6f07dbcaefb5b9ebd49e979 , 3 
4a41b9bcca00dd5f448c00ac5 , 3 
d9d6ad7df98b2dc95937dc4c5 , 1 
c92e83ba774782388b22268ca , 1 
ca89a235e231a905f631c1924 , 1 
d3bdb1f5343cb9f4c2acff679 , 2 
a7eae22636561e8805ea5927b , 3 
2dbe174e5bac836a36c3e9f6c , 3 
5dc47c04bf254d2344ca7c46f , 1 
765effa793f581c182be75bd8 , 0 
0a9144b6a08e748844aaf3a48 , 0 
889005d2c29746c80bee6a8ed , 4 
3116c6e0144a9620c532b1514 , 4 
57716156e55ea134d2ceeee50 , 3 
394b4b5eacac8a6cd33edfaaa , 1 
f623a609195f0d0b71b2b4d32 , 2 
16202a9d24023c5e211608fd6 , 1 
a4d7a1c1723a64f38af3e7005 , 3 
f4c60bb70110b1785a7bb3302 , 3 
b16b325397a6cbeacab55fa64 , 4 
5dd8b87fa170528da16ac1b79 , 3 
44c72a5c4e8c2c2ea2ed19c79 , 3 
e2987de7baf8f93765a45adb2 , 1 
509534542b5fb84505c6c2165 , 1 
f954ff6c2c4be86e3c530fea6 , 0 
4f715ae2efff75024f469e55f , 2 
fccab0719453c932743e50c2d , 2 
e18f0ffae7813a693db6f65aa , 3 
2daa2b6386231fbc0f8cd6cb5 , 3 
98b5817fa1178a48f8c0e261e , 2 
9efd84bad4087ade455061c16 , 4 
b5f8529465bd39360a62712fa , 1 
c17cbd89e93b3ec520b365f40 , 2 
5f42b570ac81376fc9945a603 , 1 
8f063dd13319850cbba112244 , 4 
64faaba2290235b722186224e , 2 
d1f6541862215b40a7a829227 , 3 
2d5d644526b0c114fa3e7b26a , 3 
42ec19f0cc40866dd99675f4d , 3 
ae43de660c952f644d1437bf7 , 3 
2b54432978a2c1c14084d1b1f , 2 
84ae0d5bbef0965682ace17b9 , 3 
6af6d35b85fa49f117918fee3 , 0 
3faac4061a106bb75bf4ca2d2 , 3 
2608eee0f14011f66330746f0 , 1 
86c2a5821281e65b707436620 , 1 
20dccf2dec89499c07be5a5d2 , 3 
1c99759405f401581bab9f94e , 2 
a28ccf98ad43cda55d3cb3bf6 , 0 
f1dac670d53acade370b6f8be , 0 
6482236e2253e5379d3aa3109 , 1 
9882caf6466654c4850cfeb9b , 4 
7bc48ae8e5221f24a7da90a7c , 3 
780a8bd7ce0657ab255344bbf , 1 
b061f3b2e09ec35262608308b , 3 
ecb094ec03e6501aa85063926 , 1 
ba1792f02bb46740f9b38f8da , 3 
8c65ac1a02025fd2764db6327 , 2 
bf381fdbf369c03bba91e433d , 2 
2137efa31e99568cbc6368652 , 3 
862df6e348ee6eb97c1b08376 , 2 
9dd1f117bb678336b03638f53 , 1 
92b4cadc217c6a8658c841e6e , 3 
8af9b3a2b3b1ce6654282a800 , 3 
af8a462b8e7c6d4fb6f4706d0 , 3 
c10d65c52c1045e6d472040fd , 4 
5ad449786c21cc9c4e11aabfc , 1 
98c45fe9075c35858c3cb02e2 , 3 
150f51a8d2c4d4b7defe75728 , 0 
5b53baa442e1fa6b15d303ba7 , 4 
c63ef330fb47cb3958b5589fb , 0 
82c8806b0dea8b2a3253bdbaa , 1 
76c5df38746863d4d20dc83a4 , 3 
a6e201f8fa01adfb061c5072d , 0 
9a6112fa3f2808214f5653e45 , 1 
0a8b70bebc873708047fcc2c1 , 3 
3696468818cf353fb02420bbd , 3 
fb38d25b4e582d8a6418148c4 , 1 
19385b0a9efd983be3f670038 , 1 
195cf1310fdae66c749a0ff40 , 2 
4795851a931d59c28775cc417 , 3 
6ea3457febf0dbd72aed46037 , 3 
dae91c0cdf7d6e2658fc0aa59 , 3 
bc81e235705a34d63b3d2d6ef , 3 
e5f2851bbb926116b698fa5e2 , 2 
2a8a16edfd288379a0299b125 , 2 
edfe749143f2457cb62a5faed , 3 
ad8820dfbed20f70e01fa3baf , 1 
ce218d10087b73f17e9e1e5a7 , 1 
f6f2d1e1087020f3304fb0ad9 , 1 
652c986eb19ba3da6e20dbdac , 1 
1a3cdde647fe138997a88f34e , 3 
f8fc2509975659e5a5ec9fd3c , 3 
aaba315f3a7987429dc76374a , 2 
87b77580764feda5dace860cf , 1 
c390410a11da771325b7c1b09 , 3 
eee105c60a9210b7663951565 , 3 
d34bbf98b6c24c7cfd13cbb23 , 4 
b122bec35d03af663f53c105c , 2 
67048dcd19e63720e8475f7ba , 2 
24c71614aa8beea29c58184f2 , 3 
1bd4ed1062c1a3b1c84bf409a , 1 
6d658a2b983793c771e0669f0 , 0 
49668549913d527ac73f25af6 , 3 
9ff8735e4fded0c7eb01a1efc , 1 
1f506498061ce53266affd80f , 0 
d45b990296ff9053c84323b3d , 3 
ca293a33a03c75fba1c49d93e , 1 
9e877fd25d397dc54cd6be943 , 2 
e4d23c381c395d94f577bf791 , 3 
4dc1a8dc4fd39378610a17505 , 2 
02b87188980b2633b1c090252 , 4 
b8a6643386271f7a4e0d76fc4 , 4 
a16afb43e6e3088ca021821d6 , 3 
fdd4aedf220830682acf380ad , 1 
3a3d94d1a92f9cd0186e55965 , 2 
d8115f4d170f52247c705d7d5 , 2 
847dce98162afc4d452e7c1c7 , 2 
fb69e88ae81aeb80a5e3d1f26 , 1 
51fde5a3d038cd61d0d19273c , 3 
2cf246d7e9bd04bcc15e0a9ad , 2 
17df92cd6270bcf3c89bb64a1 , 1 
c9e0d215f761e0c0652244bdf , 0 
559e859d9153a84c7a0ec9413 , 3 
1291f38d424cd868bfaa058b8 , 1 
f77d294fecc08ff9bd9a659ea , 2 
ee9845a7e512e7cd028ddd9e1 , 1 
a4e4a1e164d0ac91fbf5430ba , 1 
eaf5e7b823f9e41f688b2c111 , 1 
17fb4a713410c49bdc04bc16f , 1 
3012a95e638cf01da6a72e266 , 1 
7059aa75f1442f381bfee4e15 , 1 
0299ad6be5dae24d62afca9fe , 2 
c505dbc29ef171a2ac671f978 , 3 
ef30c48bc7b5541a25afd6a3d , 0 
e16c32a4dce4a7741e13a5b7a , 4 
c14e6385ee40c37dc810dff7e , 2 
718cb10900669c2cdb6f48cde , 3 
98c57079b1fb9d9e491d18a5e , 3 
c61afb6ec4e62b57faff93810 , 3 
c434ead1335863641970d55f4 , 2 
2be013387c65dc631caaa9769 , 1 
17e31e9e9cfb4f9e8e52b04a2 , 0 
2f15d389859667fa50db31930 , 0 
8d813a698b359e8a8c4696ad2 , 2 
2511ac8bcfeab75d08965598c , 4 
b81cfcb228f83b0c1fce67b7c , 1 
34baa2f607d6969031509f3c2 , 1 
e17caff82e1940076fa74e1c1 , 4 
4150abf551d1bf7c044761478 , 1 
f41007357bdbd66993e4ad476 , 3 
c55037c8a0c2dbd7d4e845d9e , 3 
72e19caeb9353f4a5f3671bf1 , 1 
76484546160f1cf26e4a8fa58 , 3 
f6a4c074f8a6da794f83c2ddd , 4 
9b481e670af519eed8fe177ae , 1 
0e7139fb698cd21178f0b09f4 , 2 
9c9e2afebf15a88845f881965 , 1 
2adb59d875b6c15fc06e68d97 , 3 
23fd996b1dfc06c038504fe53 , 3 
15e9a5fe69ddbfcc8e76b1d97 , 3 
2b1c938b73cc43a9589c5c66c , 2 
2ff6cd44925f536438054ffc0 , 3 
54b29fb1a756fb7f4f2717dcb , 2 
c7dc78b2772dc00c79786697f , 3 
ab5f8829a4cdfafd083e97069 , 3 
1b77b08a2e2912ecca0f30a22 , 0 
76bf0bfc75c9126d8578a1854 , 1 
eca2f2b5ded3ae2dcc7f94766 , 0 
13f7c34e215f1b2d9bb5db12c , 1 
b9b06a5533f7e16e2c15d2b67 , 3 
a0ea0c1747677f232fc872391 , 0 
8c8d6d7b6728721718b502264 , 3 
c0e96679203b5827498d4203c , 3 
d0beb97dec24a2cd33f853622 , 3 
b8bbf0c8b5c6d461b57b56276 , 2 
a6001739f05ba1be58cab53ef , 1 
8d979e18d2563b3ab452447f7 , 3 
18ce6fadbf391fc8c728cb6a2 , 0 
69c09972383d35f146bf94a06 , 3 
ad0abe3422ade1d315fdd9687 , 0 
b4a05a4a8a9bbbb9252845e4d , 0 
3528dfa58569f7f2a8fdac395 , 1 
0c4999acc6192156a3e6f4385 , 0 
1127920ffef545a718456ff28 , 1 
d0c3ae3a62bbe6e19057c81ce , 3 
e7be90df17fab169b1eacba6a , 2 
357aa92688795f3c94099be4f , 0 
154a9f6a26ae33c241583bc2a , 4 
dba8d8f495deb566fbeb4c3cb , 3 
07edb829f0cee4ff212bffc69 , 4 
34a052517e545ff757be779ec , 3 
c134c8275cfd984bd3a0189e8 , 1 
a918f1db249af6961790eb4b7 , 4 
02a8e69c8e79e15ea8f24a870 , 1 
c3467eda5a771dcf949b60f57 , 3 
5fe21ec66e258cc681ed4a549 , 3 
0a86e1aa6384374cf77b10b65 , 1 
0c855e3f8140730939ef8fcde , 0 
9fc9839305cb73e826b11f764 , 1 
6265e74d0173828a47a40c795 , 3 
dc84ce591f858c8a43a83d086 , 1 
494c841bbc8815bc20171ecef , 3 
0671d1a9a7f70117246018544 , 1 
66fa18ddc85dc59fdf25e1800 , 3 
a6568fff310ea0d4d1ab70c28 , 3 
015b5f8abd0302397e25e478a , 3 
c76b6170e27b399eb0e135057 , 1 
c4c8c71e6bd86e5e07297ce46 , 3 
49ebc4ae9c1adbde067f195bf , 1 
3ed32a77c9adc31c30f270c20 , 3 
b01a71c95ab83287ddaad9552 , 1 
539503008a559ec711579b547 , 2 
217a2051c42c9e623f6333b5c , 4 
0131858053d7e3753d09d5de4 , 2 
79fae9916aaeae30ea0e387dd , 2 
ee6a16e4e47677d73cfbf6fa3 , 1 
8e44a18204a17d6d4a12812b9 , 2 
b6e4265cd61034e707d09bd8c , 3 
d51d330a15d27f938124e9854 , 1 
67c0162ef389bd8e2b54caab6 , 1 
7f5581f6f39162892850d3b5f , 1 
e3af57bc3770d320375303413 , 3 
6eeb841780b5eae4c162126ff , 2 
00a5b6421fe0cebe200068dd2 , 1 
50795d08002c6f4e127929a47 , 1 
873f2dd123d0c2b31769b79ec , 3 
2f1ca8ebb1293f96337211428 , 0 
59b84c4a0a03ac802564a3e87 , 1 
9391b0a644dfc14165f5486d3 , 1 
0d7c54c790cc32c3dc756adfb , 0 
10ef7acda732b1b701535ead8 , 1 
7ef6fe9a6e8756f757b887328 , 2 
029333937af6f7841180a63a7 , 4 
670c32a0c096f46dc7017a25e , 2 
781944829d826afed893446b6 , 2 
8c42376338e5d3805e775a020 , 1 
43cad36f5c4fee1110a7ab4e7 , 1 
e073240e3d677cc2d89b74955 , 3 
717d42e07a1e8b9a522b4af55 , 3 
7154c316b6dfb8e143615f2b7 , 4 
30b2319f934a4d81e5f1c9bdc , 1 
32fedade019b421f4d28a8a24 , 0 
1b36f5206c34af1967cf6658b , 0 
ca3d8d6c11a5412fff8fb877b , 2 
1099ab296a180cb310e7b1306 , 1 
8401296f6fc5eac5b84c0dde0 , 1 
2130e6fcc6a959c88597202af , 3 
0a1e909b1ad8a50a246110fd1 , 1 
16a1320fe6aedb5741c1bf80c , 3 
e0674863f9e73bde1bac737d1 , 3 
a62d174910709c88e76da6bfd , 1 
8934c70545e4d12249fa803ab , 3 
042d9dc34608e192849f9f29d , 2 
30971c86ba25d0c55dcdf8d0a , 1 
194c37db671b9c27f82cafe25 , 1 
2bb50ed4c73cbabea2fd43e1b , 1 
dac81c951178c2e940e7aa1d7 , 1 
c4eaae0faf47552c25203392f , 4 
0b593fa0568fead329384e109 , 1 
37d1337c5e9c9536e1bd79756 , 2 
85b22303ac83b4eeece6c2bfd , 2 
27391fb6b6064bff9f42e4b09 , 1 
3556c6eebd18e31474c86780c , 3 
c349278f23dcff232818e8635 , 2 
3236972514d0fd7e8497fcbee , 1 
141d0147f62fca0100ae9f0ee , 3 
e067ed2349334cbed6ef2ddd0 , 0 
f20b927723609fffdacc565fe , 2 
f723ad0b943c53199934528f3 , 1 
1d161523c8303dd3c2d15a97a , 3 
1199139503f8281ebdd24262d , 1 
51cbaf94af39daaa87b2c2be9 , 2 
520aff656bfd77b772a330338 , 3 
6b5ec167e702e0724fb0bb6f9 , 1 
1be7eeca56cd9d8cc67b78e0d , 1 
6430add49d695f1c00e98883e , 2 
cdde1390db50ce3482f61517a , 1 
61416d8a23aaeed3c82e09874 , 2 
edb856fa6e603fc4be5cb1af5 , 3 
64d3cec638d78e400716e16f8 , 4 
8ffe5852f1538c340d4384761 , 2 
2d691f3aec4463b4f08a05475 , 3 
58580717c90d0b7fd53d3d669 , 3 
78049cb0efc6b6b936ff6e40b , 4 
58700c1b3e613498b42cb0db4 , 4 
1db8d651b4132adfb91a9551a , 0 
bc7837e2e7986021e4b112a28 , 3 
8409be59d3fcd5d844eee572e , 1 
baef08e8b2014ec3f011aeef9 , 3 
c616c9797b82a744c9f194a38 , 0 
f4db9cb9c42a917b888c09b97 , 1 
404314f65d53236191558eb02 , 3 
a6abbe3a69fc39329fcd34c1c , 3 
6f739d44f3e3a74ffda509518 , 1 
cf098e14c2016cc5148cdd64f , 3 
9069dfcdb0f25b235951e087c , 2 
5d12035ca14cbc1d4afaf9d52 , 3 
5aa158972ac8ccd9f853ccfe7 , 1 
69c29b538d6440c5b48894c0e , 1 
8e932965cd91e51f36b789065 , 2 
741fd6d28c82c1db02991f151 , 4 
ddb367fd03a0aeaba96cb72db , 3 
5e5b651c1961f3933608fab8a , 3 
722743a0a24a72472e0956980 , 4 
de5405528387f9f1fab4014d0 , 0 
5e14592aa6a92de4ae7aa45c7 , 1 
28be8a6b6573d65a752b33a34 , 1 
cb123423d44f92bc56e5fed9f , 0 
a8af0fd44f7b407ddf18bdbaf , 3 
bda036af679c75245e7790326 , 1 
4bf695b3379ed84609b349809 , 1 
dbaa9f187b697e34831693da4 , 3 
5214bde3ac99dcdb980696cc4 , 4 
c27714148c915d3ba880d8a5a , 0 
d2d569ab39b459355a8e617d6 , 3 
3cf104d9c6b20f5e985ba266f , 1 
6a41975a9e524dd7e2be7356c , 3 
830ee46aca242219570a1254c , 1 
a032adb1c118d6367ac6e3416 , 2 
297d2da6ed208714eb0b1358c , 4 
11739f58492bba3f2576a794d , 1 
0ec0e7fe1dffca08cc0a827de , 1 
6ff1c43bbfac572798008c566 , 1 
9f17f1d193a812daf25b1e4e1 , 1 
35fac4ae34e7ee9cbddda665d , 1 
f3bb4af99d8334f2a1b22b775 , 2 
1d129962e19f533d9b6e8d17d , 4 
7b47a6d651ae28c72696050ee , 4 
c0b35608fd8b1892e1c4a7d1e , 3 
1eb542fe4dc6a2c76e0642285 , 4 
2b4ba1686470c14224a20219f , 3 
568e14393b4a0a4bbe4688e95 , 2 
c5a0584defe03a2e48e47ed1f , 3 
ecfe9ada07edc7bf4181cd9c6 , 1 
1f3f9e86294d232033c6af8e8 , 3 
d445ebd1a44e8b03ba8e0351a , 3 
e1e865224427ab5ad408a12e7 , 3 
a7031f1e1a78e0307ca4dd586 , 1 
6db6b1a81d2f0e9634f9c81aa , 2 
ce65197919ec399a97a098eb3 , 1 
39b02f447cd5fff1eb98a239d , 1 
f5a494d28a3c5a44df7267e59 , 1 
4d3cfa4cce5a3942387eeb859 , 2 
03a74a1fc8a2b807975e3b41d , 4 
75e11444161024a5c74e464ab , 3 
1035cc7812671cffdd24dbc84 , 4 
b3de4f9ae81e30251aa93de3f , 1 
c7069d07b3d84d47a46eb6818 , 3 
a12141c44b7cf131f52d052ff , 1 
2e8d9898e91834bbd34d04a68 , 2 
cdb0ca696d76030e8cf4644bf , 0 
8c4a15e7b5f7ae2059f8094ac , 2 
8cd8164e65fd1ac6a47c6710e , 1 
735644edab5c64aed4bed4961 , 0 
40e23d1d11fa6edefd0e6435a , 1 
406c0add71b2eb154ed86a1ec , 1 
07969ff71b85205806087af54 , 3 
486009305a92a30f1930d0a09 , 2 
fa9f19b30e441913d275374c6 , 2 
6d7cbd2e0d34fa4a50bfd82a8 , 1 
36a24564f2e828f9a3e81a54a , 3 
08178584842135e8a8c4056e4 , 2 
4b09528ac8de9ba0b504f9573 , 1 
b5b7dec8e3da7de7f2289fbdc , 4 
fca0f2885ccda0719c39aeb3f , 1 
43457a730707b7b92e5683610 , 3 
8ac60459aeea861b36d91c220 , 2 
78a9c22a10e3cae1c52b1c646 , 0 
bdd097d5b02244b6321d241c4 , 1 
376f5682fc1d10ae1adefa4ac , 3 
fee53d7853e45e20bead02c90 , 3 
4dd054a5936dd551ade06786f , 3 
ede1ca6b600f688f30ba29fff , 2 
fa60574eba6ea52eda131ab84 , 0 
42849e8e9928ba3261e9f444e , 1 
13849b6532c9cfe9d19edfe72 , 0 
737215f238f9bb852939e93d1 , 0 
5f87c11d428de10899bafb1ab , 3 
ca883d2478882a97ff80a5ee5 , 2 
1e481ba1c1bf81c334bf723f6 , 2 
73c2013b83ae4909739b317ed , 2 
f2484351114b799e2ca726340 , 2 
74915515df4b93cfd8b3ad16b , 3 
6eb0cabfec05c36c76e7b6266 , 1 
5b155096b714a5d461153b951 , 3 
00326f5423b48f4768541cecc , 1 
7e09aa796d5d61489a55d3ec3 , 3 
0fe7304d42e4cfe025cd24c84 , 1 
5cb7a4cdb47259da55998e3ca , 4 
cedfbe64a3e26352fd608adac , 3 
88f6149af8d6e7bdd80e7580e , 1 
99b2438856b61634452f7d68f , 3 
0213497f8fc55607ff83b031f , 1 
f90628bc662953f7b2646599b , 1 
8ce6558546a33f1a3465af8a9 , 1 
22d1eb020e2374470e1a05189 , 1 
3e8d30e70cb85af561199d16f , 2 
b85dfea4f2bea4262b69242dd , 4 
8f2651ce65dcfbe54eab68a17 , 1 
0c774b72d0dd8a6000b91e4e7 , 3 
ce13f4fcfbd4719922aac0bf0 , 3 
98dd6c89db58b7b8d587cc75e , 1 
b4e1c9621194172c185eb4028 , 1 
f21995357f8addc3d47a3abd5 , 3 
c41db899ebb2dd7a749445103 , 3 
1c7d586b95657db934763bc24 , 2 
993a93bd7a610ac04bd47d3d6 , 2 
62b25b6149f7584561d5a19c5 , 1 
fd30d22b099b63a3d9e73f671 , 1 
7fb68eec94fec96752c8a49dc , 2 
23fe9a1060115630a57eb590d , 0 
522ca5f04dac9c2ef8bd99563 , 1 
2701da655a196be2533753fee , 0 
668537cc8e30f92502b407cc0 , 2 
e46fad13cfa4d1a8aa7a8a8ee , 0 
26c7be434a8cd4d89032bb5b4 , 1 
7962af9a4b478c521705c51b8 , 4 
9d7f54c5323ce3ac0d1224f04 , 3 
b4b3e22cce6afe4a20d2151d7 , 3 
fd1ac5df90aaff604fc0fe211 , 1 
f511985778ec15755dbe18395 , 1 
b981a6453c2b3e420337af1c6 , 2 
bff3ed128d66d6380232e57ce , 1 
10270f47f7e9359e508e6d135 , 2 
372cbafeb7dc1141a3a4d4382 , 3 
3f5e195f0f4388e0cade572b6 , 3 
952c35d503d742cbd6270adf7 , 1 
fc155be30bdc9238b1f8a1d9c , 3 
fd8878a8d1dcdd150909f5aff , 4 
823bbdcd3e4f98116baf5945f , 3 
5a46ae3c485713c946946c403 , 4 
d898e0599312c244dcd9841f1 , 3 
ba4b28429a5e9b26671671634 , 4 
d9dc78ee373b454411c3c4d91 , 0 
891e31e7f2684a6d58d48dbdd , 3 
0b86581308615dbaccac67d6b , 2 
a02ca9b8b7ddd3c82e861d04a , 1 
11feb5bd5f82d426541350d64 , 1 
59784ba444655f2ad874f1c1e , 2 
1af79a44e1666284d0298f2d0 , 3 
c1e08e19c29f2cdbb349d9c98 , 3 
f200b912a3665c1965bfd6970 , 0 
69ce698a24069cb889c888ad8 , 3 
70a9c5b4fea7fae36848e6e2b , 2 
482f5ca5085a4662dbb0364c3 , 3 
9fcd059e263df10276b41793c , 0 
832651dc0dab80e6d0e551ce7 , 1 
d010e6d62298d3b863f318668 , 3 
082da1fb03d2bccfbe9c61e87 , 0 
a3c40e79976f0635556129c6a , 1 
0ac5a8b96f83b04d0a4717433 , 3 
e603c469031f3cdba7a649893 , 1 
dfbdbcdbc64d8e3a1ed9614fd , 1 
4fe1a424f4dd28b77f2c2c8b4 , 2 
2aaca89ae6f531262ba397830 , 1 
8b3beb400a5a57b7d732b357b , 2 
61727421bf0babf0edf97b6d7 , 2 
47ca3391586e1b87204c4c8ab , 3 
60757c78744f1c7610cd32162 , 4 
b7573736a6ddf7be102b7fee0 , 2 
497bf3ad599756a374fcd12ea , 1 
37295b3f5ecfdf9fd95d2e164 , 4 
1f9dc34ae4cd294bdb2ffdf56 , 4 
2eed4ab6db6b41c8a6119729d , 0 
c23591521811531496ccd4b03 , 4 
5c3155f7684115bfd50c6faaf , 1 
27e8d1fe918e61ae163e19d37 , 0 
196d32398060101dc0aeb309b , 1 
e1585a6fc273ecae923e4e360 , 1 
240e6e93e6f17d610d6096f87 , 1 
22e9619882b3ab060034c9628 , 2 
aeb56cabf2f66d2e69ef4a1cb , 1 
31d4662fa034e43ab403deb5e , 4 
75a43752d7c3b3cd8b61ec4b8 , 4 
3b75f6468964c0018f97cd89e , 2 
71143a573abd71b413048e774 , 1 
817652c21fe55e841dea6346e , 1 
486f6ef9d3d6be2a62a0b0a8f , 4 
bed2424470dea7903558aadb6 , 1 
a6a06784fa242422bc8d8d0d4 , 1 
a8602e93870361a441d245e1d , 1 
fe73ede90f70a5e31403b69f1 , 3 
ca911f5b3ee474faae1d137b8 , 0 
2ec83cb9fdbf87e38d9e05644 , 3 
ed6685bf343b1cb2ed35a7c0d , 4 
79e658ebf737d0847c66685c7 , 2 
e8a1a0a2390928a276bde6514 , 2 
8bdfe73c49045cf148cb69f4d , 1 
dc658619cabf1667b2bd3766b , 1 
5310f427e4da276cd33ae360c , 1 
f869b269f8cde6fd365d39e87 , 2 
eda0556bb15282cde9f780b66 , 4 
d051c3b6379be0b01011bb44d , 3 
e9da146f3de773bd2719a6517 , 0 
a204e38a4f6ccf2ec7915b16d , 4 
d304788c665c57bcce347c447 , 3 
14b38f3a2dc3871c0a22ebba0 , 3 
04ae84283d910bb73f6cf8038 , 1 
b5d33a8a060dbc1cc184fcbb7 , 1 
55b22dadfcfaf5a8afbba431e , 1 
85a11f7a2d45679608b692108 , 0 
d3757b0c70e7d75cb281d53c1 , 1 
b6e91ed52c3bc7cb197a10f6c , 1 
a31a39f713ac4d6d1ce283238 , 2 
136bdf474c1d76bdcd6e31baf , 3 
e53b8d5863324c0bacf50244f , 1 
752cc1983849320291c80f21b , 0 
22297a9f571b08b5d9b4c84cf , 1 
757208151a994636c55ad7ee1 , 0 
375f766381321938396f1e078 , 1 
37d1925640e811e82dff1e1a1 , 1 
1ba0887a49b6175c5003150db , 1 
59807070150343270b48b4f23 , 1 
4b3e5daaa5fe7a17d4933f64b , 3 
1081b532bbd432ffed5ee7a2f , 0 
6df234a752aad01de578f4ce7 , 3 
9dbdc5ce2cdb140efa7806b4f , 1 
5735fc30bc50be99680c70cf9 , 0 
35ed84a53be7c133edfdbba3f , 2 
91ba27f11c903e6252ad83ff0 , 4 
87894725abe77f8df9bfc9408 , 4 
f56a8f5187b7bed5827a9d2a1 , 3 
d24c5579e6167d0de84955ce1 , 1 
38ec604d1f3e4903079c4bd7a , 3 
25e2ba356496f6fedb633e8c4 , 0 
87fc4f330faaaaf1fa6a08467 , 1 
997fd213bbe52b58cdc4a8e46 , 0 
a33e4d185ef3c6622ab42abc8 , 2 
5b28be841c16fec5217b9a376 , 3 
d27b00d8fd3eccba71efc5a70 , 3 
1480ed747f99ac65159f61f92 , 2 
55b66e20464967ee63211078b , 2 
f70927957e0d78c4df5ac8ad0 , 1 
9af6a0d66ac7d61a1e7856e79 , 2 
6807c32ea04a6b97b1a731a4d , 3 
320d716eae5e9e3e97c460639 , 2 
ae8bf75e7dea108e0109c9b51 , 4 
084ace1c65db10a6f1db8d27c , 3 
f28e7a7f2d089a86bbd4a551e , 3 
b64d5fd968891b4ac0ce866e8 , 1 
dfc1ee50ac3ea28606bb0006c , 1 
c6442c1545db197ea2904eb64 , 1 
756eec57f94f00f74a8ac8339 , 0 
a69132717a51f89bbca48fa04 , 4 
d5248aa64f2cbdf4c7a04f2f2 , 1 
ffa602b6ccdc34c6222968217 , 3 
6e0989722478da6f1b8d92876 , 1 
7331ffcf0b0216d4c5d39ed69 , 1 
9213004d98d209eed907f7e60 , 0 
b8cc2e7b7547d92c8de713428 , 1 
e69899ae876e021129dfdfb7f , 2 
e00b8f789b92a28e3d4769b2e , 1 
b84bc432e74f6df9a80a8684b , 1 
14c0ba59fb27208030e037418 , 1 
d56097bcc79628d8752113c35 , 2 
845faeed80f4ad8435ec5a9ca , 4 
7020cb1e342a091f566fc5a79 , 3 
8150a78407869ce4c0e82bedf , 2 
509f3fef77fb3226013ca8bb1 , 4 
0a90a7710cd2689ee78c8a54e , 1 
ddc6f76b7c4633111f563a216 , 0 
ba12981823f671fe797f3955c , 0 
327e0e54816ee9560ad2a5d9d , 0 
009f4827078622021b19b27be , 4 
2072348705e188abec2efe4ee , 1 
daa521d83a9d29271f36ae830 , 0 
493c4fb723238ab6e47ab6601 , 4 
3238576f271c50f85a537a944 , 1 
b80648d21a5dcda8c75b191b0 , 0 
88f582249babab76768d45241 , 1 
cd71bfab4aef9159298408b26 , 2 
c03e019682cac87cd3b44d62b , 1 
d8c34c09c76095bf28b7863e0 , 3 
48958d89483d1ae73b792de0d , 4 
20063c02c434d374256aebf0f , 1 
9a1b679e5690252cf33f963b3 , 1 
08af3ce5afdb21dacac176848 , 2 
48e59710ab926d055e08c90f2 , 1 
97b01ab3d870c02ec7e51f3be , 0 
653161b215ddedabb43a31d40 , 2 
d71be9faaf1c6bb90e6aca443 , 3 
ca751df2922f41ca6adf6b709 , 4 
f4a7bc1483081d5ec639c089f , 1 
5b22fa57ec5839d3618369a83 , 1 
3a4352c4285e338a7c1a46a7b , 1 
dd5480318e7b623d6b9890372 , 3 
945699ea474e96c0dc4b9804c , 3 
787ca03055e22712277005af0 , 0 
894448b93d99f6647aa3b20eb , 3 
2ed7af9554e0fa80ad24a0114 , 0 
ace470753627d31a0dc15fdd9 , 4 
9b2c7ee66a2c7eb6f73f453b5 , 4 
4ee39461bb687d5e79e882b2b , 2 
012cc179f5fe74a5e872219f2 , 0 
a6d2d13cb00501dd7249f813f , 2 
8947eabcc6f48ae8f0f397e4b , 1 
4afabf63aefef136c0e65c7e1 , 0 
0726ac82d377c16f3cbade2cc , 1 
f534f099c4b2a3a7ed229f37c , 2 
ee3f324aa75c97f6f33d95dc1 , 3 
ef131bcbaccd3ec80553f8b24 , 3 
fbd5843b2df6729c4862ae5bc , 2 
8c05e1fd60866f44b3d19949d , 4 
1805a503f821a9165ff2835e1 , 2 
24ed703f2a771d1a188eafff9 , 1 
4d294135b0656164e8a5a0bc2 , 1 
21e99e431b4b26327b41ef5ee , 4 
50926d2288614b6177637aff7 , 0 
383748e3db6c4efbf508ec2ee , 1 
051192da95b6362dca4e6e1b1 , 2 
070ba5d7063bdc092cc87a1ab , 2 
5be4e2ffac2dd6bc849a325e9 , 3 
dae59297b2d842cc09c39b96a , 2 
9fdf31e6c0984d52f69ef6bf6 , 1 
9a64da7b7b5e8e43dd810812f , 3 
14668114084221dcd246ed808 , 2 
e15917ff07966bc54d49aeb2e , 2 
d37c16d2d05976ce6bd0b2ccb , 1 
25c75d0d153b1fa5de0f7d5b9 , 3 
1b2ca64fa3cc501a48321ec33 , 1 
f74fba1f49e89fda1f8afc98c , 1 
769ce47bdf3a78419095dd967 , 3 
bdbab3bd8543867f2f29c7fef , 3 
4ca3447a0bdce7589d7e9690d , 1 
ff37c0aef216368c42bc5c862 , 2 
682e98fa41fe9906f9c48ac99 , 4 
fbdb22ce82f2d6d0d8e2e217d , 2 
33d5c9a98970bc969fb275b22 , 2 
fe1fdfbe6b8055adbd3db02e9 , 3 
d17a8752e342834fd18b31aaa , 3 
d10db5129b15ae56c6bb0d496 , 1 
ea520b1799fca44718e58eddf , 3 
e3bc981e1b1ce8c6b9c1ba24a , 2 
8ed945188affdd894fe47db7b , 3 
4087069c75dfdb32d2ddee2f6 , 1 
6cbe4b3808e29cbe93d179f5d , 1 
b6a5765e40b045e06954b32d5 , 3 
abc3ecfb5b8b0ae8f33a001ba , 0 
4b9429e3986219855c7fef2ed , 1 
9d0466fb6b67a59b28d023b28 , 2 
9362aa5f9005b7fa640f3b94e , 1 
eaff324a9838aa0d65acd1aa3 , 0 
628ceb8c0140dfdd59727485f , 2 
a733907059b9ebbbdd90d9ade , 0 
e747d530be4f2f2b0d2fd2773 , 3 
2314d14ec1cd8ea8711e3024a , 2 
e14740525c8c09cba94dbb9f5 , 2 
4d3b8ce3a640c180307bb2b65 , 1 
c4517f35955f59688557f8d38 , 3 
7609f1d96b5c9bfa5a153694b , 2 
5d2a10a6223c8e13e6b22978c , 3 
5c8dc05177b7896cffc83b236 , 2 
d7d6c932e9e08d0b4b1ee00d0 , 1 
359a0b777f94b181127b24028 , 2 
2579c6d728f66897fde8a063b , 3 
6de0050ad463a9bfc31e2d03f , 3 
1145d72bb08238dc386275bf5 , 3 
c346a8aba36c3a3cec9bc65c7 , 1 
f3413d903202a4e70acced70c , 2 
43b53998f14592f96993809ba , 1 
8eb181dc0947d03a2f16ba581 , 1 
ff8b189303f71d9a58924bd2b , 1 
054780279491f8038ba9e9bc4 , 1 
e59f4018be0cd41b4d71249d5 , 1 
60a03f2c6bd46a09a251c5c89 , 3 
9f1d35b4577252d80aa9cda0d , 3 
d5e682d5b18e08e6fad4aad90 , 0 
f40b6a419ad3a3b7747a21283 , 1 
947061023aa1db9a5d71a070b , 3 
3899f6427afe0f0142e542ee2 , 2 
04f1991df1e3f4744ac3f6b54 , 3 
321f0154b5d02a1e3c8148796 , 3 
2e79e8a4f1a965d599b197e0b , 3 
d70f19761a541cff163d96f1f , 1 
ffe370f6b55d1b43062701c42 , 4 
3ebc1b104fbd80cc6178acde1 , 1 
e0e6a82a6767d329497a2fddd , 4 
0f12d2bac9f22710c2bbd91ae , 1 
08c254c021b65b747704ca734 , 0 
47b8c2cc9488255dbda10abc9 , 4 
4a3698f24139895382979015c , 1 
2da13736094a9f7afd403bd59 , 1 
b60a4d9d86071e8608685d61c , 1 
9cfbaadd9bef43dbca7f47315 , 1 
792a9ea2a67171451affad729 , 3 
4d2bcf414f7bd5a58f2c25636 , 2 
42f39d72a366676da9fec4a56 , 2 
03f506f32c45b244d0831ae65 , 3 
4c596683992c488deed504e9c , 1 
7e320dd6c1842ce243ef65138 , 1 
24e500015faed73cba18dee63 , 1 
a34031b0d386360554886e0dd , 2 
d8bdb6780ce8c9a17a8be4a1b , 1 
b1d7d4d0cae1cc2f98a03a7f3 , 1 
0f6963b82a264e815624a75fc , 3 
bf6a2675949486bbcc3e2142a , 3 
1e2d42d6b41be1731ac0aaa24 , 1 
3a62580e94471c23bb76c480c , 2 
17c2b6298685715d1355584bb , 1 
05659d406cfc84b527e2089ea , 2 
f87661aa60466255c1586ca4e , 3 
80d1fe649ef66c79ba908f621 , 4 
854dc3105096192fe22c36023 , 1 
73cb763745a9ed38fd314368e , 3 
6b3ebaad56d73aa5c95b020f6 , 1 
c3655ee7d41024e3884dc556b , 3 
58a18c250f5c6ea6a85c3e5f7 , 1 
ee38eab8830495e5b0240aae4 , 1 
193cd2e6ebdb7bcdb79bb070a , 2 
752c1287469e3bcc55fda9ff7 , 1 
b5b1c75bab16457df813949ae , 3 
337cb2877372d4ea611fdc1c9 , 3 
b3b87d5b5a5991dfb840ae86b , 1 
2d251b3fa39adc5ca9e52c3d1 , 1 
b9ae0676b5f7ab6b20de8c38d , 1 
b18242cfac6dc13db13cdb4b9 , 1 
0a22b867795b4705c5ac28ee0 , 1 
0ec0a8d94fd3697399a17b30d , 1 
1e9021704b6c092222b33ed54 , 1 
8171c3bacfec36bfab26c1766 , 1 
72d8286fdbde5d8e7ae243c71 , 2 
587566ff7faaeab1881a4c5ae , 1 
f30ee572892ae20807c5895e9 , 1 
7a2c7aa99eae3ef7a76f0391c , 1 
f360295ee44ef4d5a1da56f5f , 2 
102ccd99dcd5e4ba44665365b , 1 
ac15939e298a0f325e50aae57 , 4 
b7ef441ed1863429230ac9fbd , 1 
a5bd895968005de0a6e0c3dcd , 1 
b9311431e2b3409ab01991fe4 , 2 
4b7e733b5a00d852430fd19b5 , 3 
3a838f1cf87f74d9f5f3b4b0a , 4 
5b81a653c66112c6b0a3bb6a3 , 2 
7fc3b020297778d83fd129fbd , 2 
61e494a659a7e28bafccfb424 , 1 
0878dd73469821af91766d50c , 3 
cb978a7d499d8678f3fefa7d2 , 3 
c5d02999913cbe211b321dc41 , 2 
983abd01e50e8c4e39869cd3e , 1 
0f80d33a6fbdf9c36406b7bfe , 3 
455d63e8d8ba1dcf396945770 , 4 
54d4697bb7826b313198d5623 , 1 
07a6297173328c408700b50fe , 1 
d945ae8c307e900e3226eed3c , 3 
50fd276ebe149fea75ca0b39a , 1 
ed3ce1d4835f2c7dc59a2e7b1 , 0 
1051d8a32a0c81ccfac1bdf0a , 1 
2550af2e14ba60bd3eb18fcbd , 3 
1cbc7ae6274be208d754e6397 , 1 
d7388ba3a58105ce6fb12f355 , 3 
da34fc5c017af3e95e8a0f562 , 1 
74aed21724c3dd7d4acc6b495 , 3 
62f3db5df60fcb5aace345efc , 0 
2fa262eff2bd17c18b9bb33ff , 0 
d786c77964750dc62276990a7 , 4 
609d346fd842c8ad8fbe7c4e5 , 3 
c11d8de746b2c57ba50274a58 , 1 
8ad88e600fc664cddde476204 , 0 
3bd7cc7694141c48cfed39128 , 3 
d518b8bf99f18d819036f1a38 , 0 
f8c0b1838f4de7c5aa6f8fac2 , 4 
29447b9cec1ca4d7d11e319f3 , 2 
bdd6156929b47662ca876a3f6 , 1 
57871bacd11898b71ff994498 , 3 
2d42d1a7c5a809fc381df6c0c , 1 
d97429cfd4898c3d20464130f , 3 
414db27bd56331e70319e9618 , 1 
992ae5589eb39ab0ad74c6def , 1 
40fc28502a25060d406a28af6 , 1 
e437d83bdbd4f4363b5c54bba , 1 
861a126c3238ab4f2e9356024 , 2 
84f7457e207ddd9fc9c561631 , 2 
c2169ec424a35b95bb6f3bdb5 , 1 
5c6935fbf753579e92b53aac9 , 2 
dcac839ecc9168e55ef972f1a , 2 
b87876a29373493ff4d717e69 , 3 
e8ba47051f2a4d63347020166 , 1 
cad61bd577f6ef9645e58a4f7 , 0 
4e23028125d55c47ccff37c11 , 3 
94cd64594869b45ed3584d519 , 4 
4a3d16cab7f30450c950eb64f , 1 
7a2dccb6cef028f5c9e7b7b2d , 3 
d65303a31696fa3dc054eb89c , 2 
2039ab6e581a885d172798214 , 3 
104fe460cc64c9ec1de6d2fde , 2 
b2715b7109003d8940a7fd8ac , 3 
16f0a8e9c7dc9d5239976f29d , 3 
0b32af0c8ebeb8b5686fec241 , 1 
5223875d061f3322269830031 , 1 
b16f890cd61c60609de90b3a3 , 0 
504aa0db8358f5d3d99416a70 , 1 
96ff679b402adc8d449773917 , 4 
f589c70c068dabdb213584e3a , 3 
7bbfc04cb2991da9385263dca , 3 
9b2e65343bb05b04af1f67bb3 , 2 
5912706280abcd43319d1211c , 4 
42f09e5da07f388ebbc5cbb22 , 1 
1e9fd37556e10a5222416f112 , 2 
314d81cb1a11f559c7f2d7c95 , 4 
0339598edbc4851300ef691fa , 3 
9896856bbbae058e8fc79a59c , 3 
b469e61082eee96c34f657057 , 1 
ce7cc253818611ef5cc07e1c9 , 1 
b9016f95fd9eab3c16035e7af , 1 
05ebe5b31074ea96075ab8e24 , 1 
304643ebe421209b4961cb5d3 , 3 
293c5e668aff7d6e2f7c1fb98 , 1 
e4f183901cdfe26672680b48d , 3 
28c49da255cb3b9fdf1ec73be , 2 
9cb8b7fd06913fc3b11b651eb , 1 
895f8a2c38a5e9d4a74dff0a3 , 3 
253ddf567bb9a6132a8a88123 , 1 
e6f03c9ef3e3cb9d49a68cd3e , 4 
687601a0c74c3b8787a75400b , 1 
ad6f874a141bc4518699fd33d , 3 
58d08fc6cd946f56b3e408230 , 3 
f0f829ac1b7694def68c9b620 , 0 
24b8dd97e1f5cc5a589531275 , 1 
988f2d93841a44017b2a808b6 , 1 
a5099016c780d3d4c82ca1407 , 1 
de15ad6c1a3796e002188ebed , 3 
aca494ae6baa54368028045cf , 1 
442dc268dc5a52bc363d30cb2 , 1 
bae4fa3485908f1edb45d9826 , 1 
0b3b6da6a02a8d97c23207e33 , 2 
12cbca7b48bea0a2632453a94 , 3 
f5f7af04e58ed01accb1c41ae , 2 
1383a623503839d61db2621a0 , 3 
bf630f10fdcf939f4fd9be59a , 1 
0a162d0b96c624cef625dd55e , 3 
a4c5c516786e99dbc70501309 , 2 
412b32fdcbef448b58ef99fea , 4 
16990a525a29cf8200789d7f2 , 1 
91adde9cba3acccf1e505ff8b , 1 
5c7702977c14da0d25873551b , 4 
5f9faaaf7ab8a6b8f91152aaf , 1 
e583b580911e8fd75434fefd6 , 4 
fbcb746fa9f1245b44bf86e94 , 3 
31cc922fcfaf3eea839f5cbd2 , 3 
9eea1296e67e50ae9f4bcc40b , 2 
fe95efc6aa44cfc52058a3282 , 3 
26551b325ed02ce5440c2fd55 , 2 
1cf0f2be35d574681b049dbc6 , 0 
cad8db50b42f2833d294a2c01 , 0 
f920057988e0745e1078dbd71 , 1 
b29da021aa3f04dc9c6415073 , 1 
a348ea037cef50795253169f9 , 1 
ff2512ab4c711f885d0666cf0 , 2 
41b5f8c83f03f1055311fe90e , 1 
c099539f86145b0cef24568eb , 2 
57c56093f9e73daab88fb36d5 , 2 
c4cc56ec75c225df1ec04dcc1 , 1 
1ecde312ceb5025110bdc4e6d , 0 
1cc9324bffb96fa566a1f706f , 0 
0293164c04306af167b22831d , 2 
d7e4144146845a2596aba3030 , 1 
df2c889a1ac6f59ccaeae06da , 2 
3291952ebce69ed8f88068832 , 1 
b240db00bddc74f9fe380fc52 , 3 
86a4ebcc810bbb9fa572e799d , 0 
b4013d09f03d40e5a3a8bf2f5 , 3 
407d4e260983cab2e9d628f0f , 4 
89be3bf59049642c7f1420c74 , 2 
b7486f139b4d1c36774663e5d , 4 
b663e734567ca5745b63f0fd3 , 4 
bcea9237893d195dc6d7808b8 , 2 
57437998a5df909f59567cfec , 3 
b79f41f2fa93bed3b4c5c00f6 , 3 
a10afd48862450dfc445e277d , 3 
0b27650dcf73d30c7151cbab4 , 1 
b9967466894e52f64595d57f2 , 0 
a41f2a41ea2d53089f70c128c , 3 
34643c7f27a2eb55d5a1a92ec , 4 
e00cae4094731c50fc47f54ce , 3 
b5d87dd3e87db91f4946f67ad , 1 
4a33b81a2531d917238c1a135 , 1 
26606a2cdcf2eabceef9cda69 , 2 
35563d2704460077d18e012c4 , 2 
40f52a838ead2e0aabb9ce470 , 2 
210445d1c44ee65fcfe31f387 , 2 
f6ffc48bf17004b42de1754e0 , 2 
20cc850f4e4d10eaecae91ba0 , 2 
9789ed5ae9fbadb0e43b8de5e , 2 
fbfa9c11d5a8642d4843b65c7 , 2 
b27a49592b5135de33a89544d , 1 
87c60863e84fa9c2b232d2e5e , 1 
1df3718b1751ac49c90eba68b , 3 
42872b7f73af85b6b5097112d , 1 
1d3c3f926b09d312d8f6ed106 , 2 
1586ed524eb63e011f7511bf7 , 1 
8441b1ae133886c4b781abe83 , 3 
80b3c495b0aaccf284c19650e , 1 
cd6844b4a81113951d0d7ff37 , 2 
1f34184bfa7d06a3e34e359b9 , 1 
00296c2e627524faedf7f17b8 , 3 
88b1f5bab102736801a5f7ff7 , 3 
16adb1257d19a32616dc9c93f , 1 
d4eacf3f7919e69fe4ed92ffd , 4 
c325f62384f07690cb6b41400 , 1 
705f989ae2b170a025fe92761 , 2 
9fc68026cf28fee545f03b01c , 1 
758aa0e270c1216c940ad84e6 , 3 
ec5ca271bdc334e7c32e8dd5b , 3 
2d69d53e6cd27e5604f75350e , 3 
131f0bb9262b701e0ab51836c , 1 
18dadc920e4c45d4d49142fbd , 1 
b5fb33ed6757e17bd40370fa0 , 1 
4f9101e63448994969f74245a , 1 
1aa4eea9b7feb628b71cc824d , 0 
cb45bfbda0bbf0069761e1ca4 , 4 
d0f67be623d730e12637174ef , 3 
cfdb47e1cfabdabda20c82426 , 2 
b639583920b3298be1b1d7b74 , 2 
7b0268eb5082ac527fddd765b , 3 
d3a30f77dd0461d8431e7a298 , 3 
4b13c004c3e95aa77f35a2e33 , 1 
1d5ba809a71be4779b305c705 , 3 
e3be7b2f30f6e6b10b81fd33b , 2 
cc7b7de08d80c4e826a364d8c , 4 
a6776b20a35abf559360bd222 , 2 
0d44ad51c158c860be5230792 , 0 
79c449a7934c1299f5928978f , 3 
37dedb18d9d89f0ce62c9628a , 1 
b7269a218112d08b15d3f8f8d , 1 
c6f9cdffacc401c3b34a9a5bc , 1 
b2b8cdacb0910f665ef804bc1 , 4 
1a8aafb4190314cdaf6db89fb , 2 
f188b47d0a25a4b3e2b8d5c0e , 2 
f0f70e87b06fd54b06df89fe7 , 2 
0d0463c83eefa76748b4c54c2 , 0 
b73fdc60bd43d6d7320a1d808 , 1 
2dfacfc3d14d492cb1cbaa3ec , 0 
924fb678aef26c3d525a1899d , 2 
079138a73df3b2a2371c108ab , 0 
7a1ffbdb003e7249b9465f0b6 , 3 
1165402b1c4bdc55e183b53d5 , 4 
736ee00e944637aa956f6e4d4 , 3 
3bfa3030ac616a0dc175db247 , 2 
bfd0afbe2897779e7b6eef3fe , 0 
a4de7c3d36ab333c512f0ef99 , 4 
8650433247ca69c98f1227f18 , 1 
45d816ffd802057c171d1fb30 , 3 
b82fd7636f79609f671cfd7c1 , 4 
1af7c71a308ddb968d76cb7fe , 0 
cd2889863bc7cb873b5756537 , 2 
3d27edcef1eb449c386b476f2 , 4 
b3de56a12b792098f6e72267a , 0 
b30f0ed43df9d79c7d44dbbda , 1 
1efc98b00bc54f84f39690c0f , 1 
2b6bc58911545f96f95635a29 , 4 
1ee733f1b9460812a12554ca2 , 1 
2f16226a597cf9410dd3567b1 , 1 
20afa6134e5b1007bd8dd76ee , 1 
79a51cf154274b5afde27c430 , 2 
bd237d70b26ec33f757849378 , 2 
69b2a99b32b80a8b9f397b3da , 1 
97d7a922e9051efaed96006ec , 3 
ea19c3531fe0d40650b1ef78c , 4 
2b5a303688c32cc68dc3c7ce9 , 0 
d2f29ea6c9b95eb1d962c4751 , 0 
716a00b3f3db7295871d5502a , 1 
98f94122b033c4cc51ef598b7 , 1 
8d6a77364afce5d4c24ba58b3 , 1 
1471a17129828428399e42e92 , 4 
79a3889b0a74d56f1096be7ea , 4 
e64e2a0fce1c923e970863214 , 1 
d514674dc1a520bc5d37280f3 , 1 
bed5804b7c3e27687f703281a , 3 
46617f7faa0495dcc112bcd6b , 1 
aa6dc9b018c50d5308cdabac8 , 2 
132a9a1f429a691aa58060073 , 3 
f380c810d4f80789a242e790f , 1 
262e1cf4e02b2ef945ffb6eb2 , 1 
9cd693832f8ea9aade67e0a7f , 1 
43c8b15c0cce8cb5396d1bda2 , 4 
245789b0ff5bce46611ec75d5 , 1 
59bf860e997f95fd354a42bba , 1 
9ac1873a8469cf9c55344775a , 1 
1ebf8efae81c6909bc29fb460 , 3 
3a44d68890ca807484b9e2556 , 2 
1d466e6d674153bef4433dd02 , 1 
c790e4e469ce0d96ecac6d876 , 2 
13f521b3655e5202f4d4e1916 , 1 
9dc677193c580002db33cea48 , 3 
cf0b5839bb9fa9f6a6d55b4cf , 4 
3d5123b8c45c5644053d9dba8 , 1 
646ddebf2831c12b7a6f94585 , 1 
10a97668a5c0a70aa7d9872c0 , 3 
b77ed384565265ca1a23cadcc , 1 
e3f2385efefe79ff0347d2d0c , 2 
31ea4f2e2b854510477f85110 , 1 
463838e8b73737a4faf2d8cda , 4 
f529935cac0f9d2d3ec178dca , 1 
e195520f12e7e136086426bdc , 1 
3072b6746ba4ea9bf0751c7f3 , 4 
e0960d914017130ffac861733 , 3 
75a303f2096f0a8151b8fe26d , 3 
fee03e920b8f7c4f649feb297 , 1 
8eecf2cd10d2bc0d9c32cc7e9 , 1 
ef694793c8a7d5d15bba69e06 , 2 
384eef1bba008a3e3c2ff9cb3 , 3 
4a7b00666d7a0a7b3ea274832 , 1 
86abfb768619539973d8b0fb3 , 1 
43052288830573cac909eecd4 , 1 
34cedbff453f4d7a762b1caf1 , 1 
dbc0091b6866e7cc04c9c0540 , 1 
af45235670c6e5a5c19e12aab , 1 
09b4b2269f2fba4f25007bbb6 , 1 
6caacef4f3fabf345c20c7a0d , 3 
e2fa336f7923c248fc2ed134b , 1 
53b07873d700d82acecb829d0 , 1 
5f93ca7c2b39ad982627df105 , 3 
4c33b5aa5dc365f2691291f1e , 2 
8a3b01149189ab5eb771026e6 , 2 
300a35ab935653852e6baa3aa , 2 
e92a7aed80c8d55667178e9bb , 3 
3d3a51f46d3018da833306cf4 , 2 
f63339b373be9869f3bd77f6e , 3 
6d6b5413960e9919f8444c390 , 1 
d437dff4bed95f6f70c04ac6f , 2 
8316ce03f0eb857b701c49c6c , 1 
0f8f1834277fa0f810cf20605 , 2 
f9840f25b65266210af851385 , 2 
be03538a4bc21f0e098620dc6 , 3 
a1d2e7d4f71e9da612d49725c , 3 
ab430ebafb090ae51770abfd0 , 3 
852a24b70fc984e9379de8f64 , 3 
762d1ccdda11e8ca3cd2a781c , 0 
890888d906ffedc86ba537ad7 , 2 
a651429230232719c25b3db23 , 2 
8fd84bf66ae604c3177f0f0d3 , 1 
c68c754a788deea29a41e743f , 1 
7d901e46073739bc441676d25 , 4 
aef78a238d76bb752983952d8 , 2 
ffc9bbe0abc52b2e1c48f6a26 , 2 
36928a45704882865a3893e07 , 2 
6dd0d7cfcdbc1f09bace87809 , 1 
47aeb7eb5c8c124b3cb6deb37 , 3 
d4538cd344eca7a4e12593f69 , 3 
ada551ab97829e261a8f2c1f4 , 2 
32b11597ab3e58f6c340b6855 , 4 
036fa19b8b41596c8f501483b , 3 
2bd11f9e12527a4f2a0626d18 , 2 
292d605edd3be8632cf3a4711 , 2 
3d12341d8437b462abcb3eceb , 1 
e414dfde00d5806a7a4909cef , 3 
eb2f23cad749da2408588b71f , 1 
1840724a4e166f8dae3d613ad , 3 
1be8f9d6359212db62b5da344 , 0 
87b11c53c3c5b09887b06c228 , 3 
67cf58735057b014177531f51 , 4 
bf15d704509b91b5e30ef0e68 , 2 
7c31ab6ba0e3bde9a51ba42b5 , 3 
4c2c1e80b1b8a3a2575e436bf , 1 
678deb449b69bc81170b08b59 , 1 
9eb414def8d2938629cdc894e , 2 
ef227b0a62cd518d3463c608e , 4 
594fddb05e9bc126101ff1c96 , 4 
e24123f1f917f7dc5d1133484 , 1 
cdfe6b65f742355b80bed97e1 , 0 
8f6e074af045bb592badd3c35 , 3 
f3442d5ed5c1ea3653d457a62 , 1 
5d8db9d530fdd52d3c0d27cb0 , 3 
700048ac5c3f102a64487100e , 3 
119235577904ab20e63fa88a1 , 2 
f2253d94d6527813da6db2bbf , 1 
46315f0b0bf71437e883c1d3f , 4 
3bc4296e88eaca6a6f8f8f630 , 0 
52374f9efeb2f227856407b29 , 1 
2cd9076a2054b4e80e93d59ab , 0 
a79026ed69b20277809077e1e , 1 
e3bed59171789a0dca839ddef , 1 
939261d331db2d33c0f4177f4 , 0 
b3d9cb77f4776ebb0267780f6 , 4 
960e72b09daaae9b4dc37facf , 2 
55b1ad2b71511a5f1afc8d51c , 2 
cf7a2f95086b863d6edc266ad , 2 
0a61761a573a2dd0d7ff51b8e , 1 
10b9f63ce79d8fa4619206fc3 , 4 
7760879206485ee21ea71257f , 3 
ec55139501bbb1a7b42649b39 , 1 
99ecd651cd3c6b1a26df339a0 , 3 
0c9381a783a1f1d9180fc78e9 , 3 
18cf8249628501cfacff2c06e , 3 
121a8c69982b94beae5478584 , 2 
b6c1bd74eff392d141c0eea2a , 1 
828356ca157633e4e56029902 , 2 
7317b7e38f60d5f47334980c1 , 1 
9af3ef01a0b1771f38bd95663 , 3 
859a2e3245807a643c3b156b1 , 3 
514f6ac258da2050c07484425 , 3 
9914f104301e161b9fc8a7a5e , 1 
42f6472cca3536f4a05d9127c , 3 
ade84258429e85d0c71757f54 , 0 
a95798b2af689ca1ac92b02e2 , 3 
f1ea71c85b6887ea89ded9a5d , 3 
3a464d71805647968dca99d55 , 1 
5239cd561a482ac2faef94932 , 0 
f4c11f9c19b9d678f95d5ade4 , 3 
78d85e1a93be350f77805f182 , 0 
df1bf2d78c4f8052bb0ab9f7b , 2 
b77c7a0c7659f720c85dac3b1 , 2 
dbf9ad870510bbba3d913f1ee , 3 
16fef53bdb7f7d068a03952d9 , 3 
f7dafa864bad0427be5492ab4 , 4 
920d02ef8732ce6e7225ebe49 , 3 
e56209e91f0db7f5d3c0bfae7 , 0 
66d7bc6c3c993590512bdf221 , 3 
dffbe3a849dd9f7a1786d1839 , 1 
5673980948b07a096bb522201 , 1 
1eeb5b4373c81539e12c9a1d5 , 3 
427d3f823596d08a4a677c50a , 1 
ea7b645580b0253250439d6fc , 1 
c9add4c0184ae67c454920b8c , 2 
abbf2339deaa5a535396c4014 , 1 
e0d56fd4b1f12384eb5d91b59 , 1 
0864faac46397e6f74db1f50f , 1 
29b55879d7dc54a11f2255b2d , 4 
ffca0ee1e6aa9bb54d2768792 , 2 
4eaf233cf20159d15d64d2cd7 , 0 
896e4157a4c5b955a932ed4ea , 3 
c8dcc61b8dbfc87af140704eb , 3 
3db601003b2b9b384e6c61b1a , 1 
6bd42e6bba52d7444927fad7a , 0 
08cff2218d75a507c7fef6168 , 1 
3bcde810dc6518abad8e41a1b , 3 
68c54fe1a82a2ad5d3db8d08d , 3 
0c87c201c1abb9fc66a90ce7e , 2 
f8408297a96f31755ced45079 , 4 
ff4a14439b07306e7350f46af , 2 
70195222da57a5a7b7a5f92ec , 4 
caa9e777b0456a99257c78034 , 4 
dfee9e1e82dec19b5b48b6fbe , 2 
b03adc02390fb2732c0e42723 , 1 
7bc15180fe72c647b36cbb43c , 1 
6971b2e4c3a02d6edbc83fb3b , 2 
d13867bc8096e15154f6cd0ea , 1 
cb95c4f2d0b064e5579fd29aa , 0 
d5b2aa530838e9dd65806f9e0 , 3 
e9b9223481b6619e8116fb0d5 , 2 
d741ac2fa66a1277443c92554 , 3 
acc1683b4c0280c2c14a660b4 , 4 
b4f17507db56ec9195352b6e3 , 1 
53c061d06ca6a2103327774d3 , 3 
0b0962ed99cfc21e85f012abb , 1 
d511c93656fa63c677dbc706a , 2 
e6da1fe9c48ab98ad92704a55 , 2 
a15981e350f7da6cfcd16bada , 2 
2e67bd930052957ec90dfe44d , 2 
33d712ac5bc6ddf05e1e2be53 , 3 
1e96d3b7d9824d0414b472dcd , 3 
a6be9fe1372c51540428dc294 , 3 
152537b54cf0466e70681b337 , 3 
a7c1507b12253f58d62142104 , 3 
8ec1cc465a8e3f86c70f0928c , 1 
f15c8ada1f25e4c1b0bbcb0a1 , 1 
28c7e4eab378cc7e9146de1fe , 2 
d4e3bfad5e5c61bb1bef0a676 , 3 
d585bb976a3f326163a694520 , 0 
06c88f1b268f570018e346e90 , 1 
98b18398e62b94c12242ceec1 , 1 
b7182d536c0bbd9c2c000faff , 4 
4ae9929babc7f93dd20cf7221 , 2 
07595055b01e89331eae71c01 , 3 
963c169407557a70a936d513e , 0 
2adf6adf177539418b28e87ad , 1 
5e328cd6f3b4d442b073e86db , 2 
0f8f9f14b53ccb0bae275ecc6 , 1 
2db5ab10b1a7553f06e7eb511 , 3 
617dd4be1b2ed9217a4e53307 , 3 
e9aa4878c338c73cb4066b1ba , 1 
63fa3f4b7b75f05315c56c071 , 1 
f3b44ff53faeeaa0103843895 , 3 
83995a3e40a124d6279908d61 , 0 
4aa5ce1a4219a58fd245de7cf , 3 
b5f825571eb1b7184b8eab4ec , 1 
e7a75e8e4c3f324319a004756 , 1 
5e98dce93fd6cca5cc82db7ff , 3 
30cf0f3d731c681f847e87279 , 1 
51d69db1a42c9f77740c5de33 , 3 
30481729c35f073861134c547 , 1 
0f340f453efd8b531cf01a2ae , 3 
44f01646bdcca69b7fcff73b0 , 4 
3c362e3af44c0f0af4187aa9b , 2 
fd180976d035e770485b8a269 , 4 
029adf0e82b99a0e67cff28ce , 1 
b9a00ce1e298b2ccc106d281d , 4 
862cf1cf62bd50277ba0e2164 , 1 
5f9cd0ae30f3e7f8c73998437 , 0 
b54166fdb4f4b80c4f027e1f7 , 3 
b47585b73b1e3188fb6b79d95 , 1 
fb03622059b3f728c74613391 , 1 
0718feecf3c8faac64fd86ff8 , 0 
e277324929831eea4ac246f12 , 2 
d338cad1b07654ff4c99082ab , 3 
40e54a4a46321fa44aa9dbfd4 , 3 
f0148690d4c6bee0db4bed6f6 , 3 
a2ddcee14ab5a3f89443b2b6f , 2 
8d98e56496ef82295c8a5d223 , 1 
edb4022ff8f1a74da2cc3fb3f , 2 
c908131bdd937eedbc173b3b3 , 3 
94d6a7fe8f7a0ca8325e69777 , 1 
6c448a61cc565c5b7f778494f , 1 
af5258f863bb680f5202d0351 , 0 
f19edb31100bb59ccbb2ad2f7 , 3 
b6831378391173c2a521fb74b , 1 
834e5ced834d4ab125edebcac , 4 
57fa7899d81c8ba77e43be536 , 2 
49cb77e513f589766c3ccac8d , 1 
ec1a2c099d298a7164712d20c , 4 
909bcc91903db162a6c82ed37 , 0 
c0520bf0c09466000ce3ac1f2 , 3 
7c2a303380c00ca5db3f15fc7 , 3 
f6db2bb4567427e3f16f96fa7 , 4 
da4a9839f8af49e2225bbc98c , 2 
aab2c1fa30f63b547b5f91db2 , 1 
abcbf1b255c13d658b069c50b , 1 
f3f7506440e877ddc4dde981d , 1 
ca92ca12740e749384724e438 , 2 
dea99830cd9eecca5446d41e3 , 1 
b1c38362c4fd4d0c2ad51cdf1 , 2 
eaabf8b505b4be268215cd8d4 , 0 
1344129926e07ebbb6db8ce90 , 3 
350f9549e40f7bf02cb6eddf7 , 2 
1d9cdc0cd3ac4de5a1fbdb0f1 , 2 
ce20de50e76c46eab7bcd35dd , 1 
1126300969d332ef02fc819b4 , 2 
82702023af6e9c3fa203f9a9f , 2 
31cd084cb3ff4b608290837d1 , 2 
2428571d8d1ef38df820d1a5f , 3 
ca941835eb3ccb67653759020 , 0 
cc82441d87df109b455947e65 , 3 
0b6295e18112fbf2cb242a7ac , 3 
847d93092d714420f411ecd47 , 3 
2ba89a19cad348034d674fe9d , 4 
7801ea8e812c65777e7499510 , 1 
70d25b5cdea35274b88be619e , 3 
226bd7a11665f5e71fecc9206 , 1 
2c33bc9caad6b35fb1230496b , 0 
d0b6b5d864c40b356395a01e5 , 1 
5a6508fc004d1f90dec7d98da , 3 
ea132331b2ee3c6a4a67ef582 , 1 
59bfa0eee081bf0edd8a0c83f , 1 
5dfc23885a803de61a04ade78 , 2 
b827f632b1e86126026cd4932 , 1 
d68ee06950bc43c3902b66bf8 , 1 
42329c0306206de09850fd7d4 , 4 
50ca7a2163dbcc22049bea5f6 , 4 
c021d01925acb0c7034da9dae , 3 
336c50b81a4631eda6ef46c48 , 1 
a1a339225e852758e594401ed , 3 
26ff61b1a59dd30569c2ce992 , 1 
6bbbae5b2a81bbdbde6f13889 , 1 
c482cc291eb1ffb1bae6e04a9 , 3 
6ffe50b23be273cb66c69ccc0 , 0 
0ee73150f3f403da98f460528 , 1 
9a4a5407dcacca856ff532758 , 2 
f2f8ca7065d272fdaac1b8c04 , 2 
960c889177e5d9c4ba87dc8a4 , 4 
1cff73b30d1b8212c83561dc1 , 3 
78dffd372da23f7a017037319 , 2 
1018b4ad3690f8e9f919c1631 , 1 
6688e7e6ff98efee8ef6bfb8b , 4 
13d2a37184d8cf9b69a1bae2f , 2 
fc402268518f2bbebf986e842 , 3 
1c4979beb288f68cd09532b77 , 1 
80eb172ffffe24b991f6093aa , 1 
e8197d0cdeec0e3a948620084 , 2 
7e454f090c5556ea31f9186bf , 1 
54c4f365e925e0eb051d2772d , 1 
95978d1509edf367127a1a266 , 0 
9577cd83958efacd5fd3a1cdb , 1 
e7b83e7b87f17aa908c3e88c3 , 1 
095760d0353dfce19da292e5a , 4 
94907ea4e2c09a176dee6c51e , 3 
d613301043153b7e94c1060a0 , 2 
ee536fefe8f833822206f8fe5 , 2 
056fec088955b81c43f7d1b65 , 3 
740fbbf2b91ad9ea6c785d1cc , 2 
48647421fd83d5d5525da8c56 , 2 
3246601c8e68e5f27561823e8 , 2 
90dc265d97efd77ffeeb36a4a , 1 
2162df8c0d3eca81cca4f5921 , 3 
7eee10227fb6cf473febb8c1c , 0 
667ad10b5a38ff68330eab868 , 4 
316fd050f6b897b392eda99cd , 1 
76bff59dc07422ac332a96aa5 , 1 
2b9fefcd06538e4b1882b33d2 , 2 
3a758bf9db07bad92251f58c3 , 2 
2996c5128f2b307ba4f32ac5f , 4 
e1c6c75d4c2828cf9d8de9af6 , 3 
00b300ecae17a96c4928535d9 , 2 
bbbbae7dbd105303e4e087882 , 1 
efc9380369250813a40530d4b , 4 
f7c89380ddf17ef110f81fc2b , 3 
7d22f30dff2e29557dc90db8c , 1 
856be46dd7fe3d04dd7a1c40a , 1 
65b9a75fa8ed0a7f3be2581c0 , 2 
3e2ecee40d477df825e2acf68 , 3 
9ff63bf5a62f785f2f60a6ace , 1 
14418d8402fcc80642cadcc98 , 1 
24e5fa39bd809361bda5993d7 , 1 
14627a0944943386e2747c8e2 , 2 
4f59160426d32be8aaa7073c6 , 1 
78e30d683749b20198f6e3f6c , 4 
d33611ee22b2bfebc78241ea5 , 4 
0769f24dc22a47d450b20755e , 3 
69c0505ea8bbe5cea1a0bea32 , 0 
a1138fb92f6d4863ab20294fc , 1 
4dc800b30a1e3773a67ae45a4 , 1 
3d5f99dad0a177b337f4b02a9 , 1 
8ed3304033bc84525686b49fc , 1 
124098192434323db715c8dca , 3 
1587450c939e804fc579f1ee5 , 3 
35e224169123ef31adb03050f , 1 
d0ceb1c59df05b71ede915a5b , 1 
a63263d4bfa308ba3fc4fc5ee , 0 
c9fc534a4455f9efe29386111 , 2 
5cb94f471c1d0ee9931d11a5c , 3 
98535afef6caafb5decee9086 , 2 
5287f26280882a90a463d9426 , 4 
442b66bfa19dcff27de69ee03 , 1 
18c0e0acb8a73ec2bb68efdf9 , 2 
dd1f254dfbeb88d7e11b0c3d3 , 1 
df4af81ac1449fb19c19e912a , 2 
dc6ebe834bebfac377d3ae663 , 1 
9b2688939a7e59b360498b3a8 , 3 
ee67b21ea50dd0240304fec2b , 1 
e29cf1b68d7e0d9cbdf617cba , 4 
f4bbb850c6c892997d5d8e01a , 1 
b9d4fd96fb2330ab5044476bf , 2 
60162e580f9a6f74f0a455bff , 1 
20409a0ececb879485a1db3b1 , 1 
bd0442bbbe7ea60d30bc115c8 , 2 
d96b23add953f3ac3ab911a8d , 1 
5ba852a91e49f5bcbb11fe8e9 , 2 
6ed660be16ae6b343199f93dc , 1 
5f402246f350c25a71ed614cd , 1 
468142ebbe1897accf01ad96d , 3 
b4e551e41cf724a59eb39a25d , 4 
da08ecbb8269e1ec3a9efa4fb , 2 
36ce732a01151814e4c6262a0 , 4 
de1c8af6ba83f95b617e8f78a , 1 
1da22571fe8320f7fce5c0d98 , 3 
40c01aedeff1010576598613c , 3 
2646212e1ad60394dcbcef480 , 3 
e9b7fbb2f85cdd3f7b4708a4b , 3 
19d1c902d5be0f721af116df4 , 0 
66f1a466383d20c1346ffb271 , 1 
a8af6526db71f0d05f468bd8e , 1 
af90997ec47cdb49d02593f18 , 0 
ac8df6d6a70cf11a20ec3cbf1 , 2 
af066941d59fc50d107a53e27 , 1 
a6dacef45191ee538ab15c856 , 0 
764ef44e34d8d6a3475cf7714 , 3 
7b04117d044a2bcd962516fab , 4 
2d885cf58280237e73fd47878 , 1 
09a169588d9d4ce8005d8cf41 , 2 
49bb23941ff179ba09b2b0262 , 2 
6e5793bf45f9f2abd6c169903 , 4 
68351100ae8df3a04cf105aa6 , 1 
8cc4a3595404b5e79a66183a6 , 3 
1a97003caf2f9e93d733d80b4 , 1 
ebd9232f083111e1dfa4f24a3 , 2 
955514870c7bd9092cd3094d6 , 1 
87fde0c90ca5c1acc1aad0658 , 2 
1857f95d8bffc3dfa6800d0d2 , 1 
c72898327314eff16b5187bdb , 4 
0af711fa1d68accb23456c237 , 2 
0f15aee481a16ad873cab9a79 , 1 
a53d70b2386c06a9d2bba666b , 2 
26649a51b47dfe21d96578cb1 , 1 
5bbb3fae5343431041800b4fe , 0 
537d747915d183ce101f9c292 , 0 
5872db43421b12dba369b9b9a , 3 
6a535dea213166fc041bafb82 , 1 
4b1de556279fdc8136e73ceee , 0 
36c5267230b7e54935dcd3318 , 3 
6b087a647d0b403126db9a8fb , 4 
985cce548fb4d26a7861d665b , 2 
d5d649a703d27b245e960f982 , 3 
1db18fec52ebb49b44e914e7a , 1 
ca7eb370c306512240959c07c , 1 
a7ffb2a899aee4e3b129c3c19 , 1 
be0914fb0661a58f19ed05868 , 0 
36935d07958f9bee6d9f4ea87 , 2 
387b14311e6d3416eae7193e3 , 1 
9c4f76928274b21ae28ce3c91 , 3 
0a35ae0338d87838c73d79af2 , 1 
f1fb3f00b4d7c498663a2616b , 1 
3a59f17099d7c7527d110066b , 1 
f92aabd5e2aea38370d1a2da3 , 1 
f474e42c963e7d8f1e1f2041f , 2 
bb4594fc721bc597b4d7721b4 , 1 
5e86b747a6d8eeb545b36e6f8 , 2 
27c98ddfacc395c686c687127 , 3 
9d8d2b6f78e96585e83d84450 , 3 
a8c63a0e0c1d6dae8d5a4a599 , 3 
07d1acde24d257ffdb34aa637 , 1 
f3447cc9bb83b4621b20197cc , 2 
27133a406426c9519f4947002 , 1 
b495c801ca169ad76ded1659f , 3 
0fb31f034e5d340bf365b3bb6 , 2 
2fb4dbdce80bf5c84cae92378 , 3 
7e9260be9592162438b8a6f39 , 1 
ff08888c1cd5e135b2de67a63 , 1 
ac36cdc5eed9d1d4046c990b4 , 1 
390f114da7badccb58a9cef7d , 1 
e308099c86c627549b0ccd8a1 , 1 
b5ccd7a725f1206eccd017adc , 2 
9d36da999506e2ba8dc62a0a3 , 2 
95d5aedb8dbdfdcb4705f5e14 , 0 
7894b10187f62590b15181e85 , 3 
e815d1f90ade800c3ee034bd0 , 1 
6c7ecd45f0efe74e8613ffba0 , 0 
80c31e0cfd2b6a8527e5e87da , 2 
d3b7d56cbb273753de2457812 , 3 
0a6822ce958f604930c884a5d , 1 
45d82278f989ab4a9d1e9d44e , 1 
640fd9c0c8b17d9c04ed41c34 , 0 
7e19f8058ed6db11ec26eaabe , 2 
678dff8274a47d1bdebe5f4ab , 2 
e97527756cdcee8c9f273dbaf , 3 
9b845b7a3f2f0610bc9f62424 , 2 
ab46a2f292dd7758c42c3dc7f , 4 
0ea312a72e22474c2980d17d7 , 1 
93e4df62cb428fe428c7c8f10 , 2 
7e00eac1b7e97f754a96c5097 , 3 
be8848a036b3de416debcffa4 , 3 
0765919fe9f0023c1cfcfd8f1 , 3 
38b88e1011bf42832206da1b2 , 0 
d19a38c21aa3b94d033f935c5 , 1 
59aec5a9d067c002d4b3e4fd9 , 4 
f9c5c084a772ecd13d9222975 , 3 
b503b1f80609d0023f78761f1 , 1 
e5eb415c710ed90a82f3c3d6b , 2 
4940a976c6499639edec7915e , 3 
d1144b3608ff4f6885efca8ad , 0 
3378823690e23b2e96938bb5a , 3 
e6e8efd0c6876238c50e2da83 , 1 
3e1cb384ac0f5fe1424acd262 , 2 
e0dad540ed2badf71c47b3a35 , 1 
1fd914fa320352ec61426205a , 1 
c75feb9135da1cc0316c3c870 , 1 
a6143d214e9a9d6b9d06444b7 , 3 
e520e60d95a654a155fc5a8be , 3 
d10dd86a673bd3a68d4a9b5c3 , 1 
1001c2422f5142b5efa93815e , 3 
e213acb8409202e1c07f0990d , 3 
11ffa2fee1045fc67a5f92de4 , 4 
c290d0221f2116ae75297e316 , 3 
6b9002e5146e77bd8f624b76e , 3 
5d3c57692a65b4519ea90f4b8 , 1 
afeac8ec027384bb9936f6996 , 0 
bf31bb697d6cdcd00792f79d1 , 1 
3d40ce87a74d309ac3b107951 , 4 
359fe9d1aba6f74d75c8bd452 , 3 
a74a4f262c1d1167ccdf03fb2 , 3 
391b696db3ef0a33258c2c332 , 0 
b2cc8f66e82721646fc16827d , 3 
440f28ce549d6f47e310254c4 , 3 
5f2c4a6206d0649bc4908db79 , 1 
0f777ba41767cdf216a43a8d2 , 1 
d0fabf232637e1d4449109dae , 2 
527a12b4c6ab42e6d105caec9 , 2 
023f303986b37e95921593fdd , 3 
adb00cdea11071fbb746a4774 , 3 
4185a1920495d42225bc8ebc4 , 1 
8ed11bd4fc7b90947cd331837 , 1 
0afdd97b166ae5b1c8f23822c , 2 
642534fcf2a930e08b0248dd0 , 3 
0f5587a71032cc6fc876a4297 , 3 
f109b07075eb567183667b900 , 1 
52a00b1150f7045364b8d8f6a , 2 
db0287e91d8dbdcbba9162694 , 0 
81c3b0b47611787f03a2dbdfb , 1 
4269b113f4ee5553630f888a1 , 3 
7922d58f2c97462ee4d7be568 , 3 
d4eca040e403d40517f2d1c6a , 1 
81ae5d9edffe8a66555b0a81a , 1 
4a388d3ee0eb54779c9018913 , 3 
cefc803bb3c4946aaec302d5b , 1 
dbf63a47beaa6d8fbbc6cc60e , 3 
391875fbc827eb08f9c54881b , 2 
eba4e62ef3d48598e4b285074 , 3 
bde15bb908cbed620f879eddc , 1 
08d80ceab4b46facff91041e0 , 1 
9c971f11d4353f3ace8b29214 , 3 
3a7afc56bb896deb10ababd4e , 1 
1ae4437ff89c87cfd078342f6 , 1 
1e09189730144d363dd7c7698 , 1 
82ca45e247c274a8140cbf69b , 4 
71ee0ea93e0dcfb458e6dec80 , 3 
b3cc33cccdc0283113cef0e20 , 1 
7243597ca6e6494aed4fb45dd , 3 
25cab5c1e1aeb4f4b334469e3 , 1 
feb708645089aeea38ade568a , 1 
6f02183baa9e74ff344392861 , 3 
e6cd5e1e6aaf8412301de779a , 3 
5b2f033e98d70093a75e7cc95 , 2 
d44febe97b6cb4192f613e216 , 2 
0601d1c55f41ad35ba7a2cc04 , 1 
d195639eb428132d60811066e , 1 
a10c4ec72b63b17b0bc0a9ae4 , 4 
139eb4598cacb7946998f1561 , 4 
47b0a88746f00b2f46f694210 , 1 
d157a0b9cf6796c0a2d908f28 , 4 
aa18e6b5dd4124c2003e13e82 , 1 
6d8d1ac866108e3951e6a4ea7 , 2 
766374ca600bf154092965546 , 2 
e262bbfe130e2079176a7998e , 3 
0bd94b533f7353946766d687d , 3 
40356952d17a6211d55f1ddb0 , 2 
b6a7d56fb68a1fbc6bdfb6118 , 3 
0310192fc40f208485dc10f89 , 1 
0747c487637d4bf21a58ddfc6 , 0 
373f07b748d492982a724ccc3 , 2 
8109d87847f1591335732fcaf , 2 
df1b2603357e36182e20a90a9 , 3 
f4ca8633328f1048b87f22dc4 , 3 
a4e67773bfc5a3985926b43aa , 2 
730235a1088f641fe7deb5e12 , 3 
2843ec4487cb3ed15bd35a126 , 3 
b126dabbdffabd29450058431 , 2 
df848d4d131a0a8b669711dc0 , 3 
527864b01fb60f6e0c7fb2266 , 3 
661c14b8a3016fd504ee97613 , 2 
b0457588f51bea9b11a9ad90f , 3 
e405503cd9348e8fe4af608e9 , 4 
30952e8bb4dfe9a30e0d80e42 , 3 
a83594e35a8f6a9430dc6d864 , 3 
b75114832501e8e8feaf778ef , 3 
48d178d1b354237b93221a3f5 , 1 
fd46ad023cdb41c4007620fc4 , 3 
e34af0bbb207e648b9053b451 , 1 
2c6eff10ced6c09444b2d83b5 , 3 
c2e77c5cb15b35ca5cd70d056 , 4 
9a2556877a94bf444426c5d2f , 0 
2c6a36c9361bfa5bd9946ccac , 1 
76735e0af1c3c1cffff7c7202 , 3 
c73d6a8817037883dcb40207d , 1 
b101ceff5ef5eb678d6cecf3c , 3 
fa876b35ce7a571c0a98e0ef9 , 1 
bd129b82f75e87340bdea72ea , 3 
156adf5cbfd817b075c43feaa , 3 
94c5353dc39be1bbadf0be115 , 1 
7bf5545fecf5989b849f670bb , 4 
49b4e44b4ecd4c3fba8548d51 , 4 
f9a498de91319483119fe49c0 , 1 
cc657597b5378440872da86cb , 0 
92ea5a88a272842d85e236ede , 4 
9c93f31ad32e40c8da0e02624 , 1 
197fa347c941ae0001f7d5c24 , 2 
0e30d55bc1166d3d8eb146e38 , 4 
5d8318689acc875f09dc40c1d , 0 
f7951d2b0dfcd14ec65326a60 , 1 
27e601372bb27afda4f25c0bc , 0 
7918b9e939c8e0e82f72626d0 , 3 
8dc08f547c2b0442017416cb1 , 3 
b00cf2cb7e8ab2e2a8da532de , 1 
6916dda72c7aa63447af79215 , 1 
47ae08a80fd3865c2967b3500 , 3 
6cdc358290302b16687d54357 , 1 
34c9190bc4ccc0469bd2eb592 , 0 
16add4ef6bf86f376f90f3446 , 1 
029c5da73fe12864a2ff45045 , 3 
c747c94b7cf76a241b62923c3 , 1 
efbf13ade77f66cea5df50531 , 0 
c755f137989cebde2197bced6 , 3 
13e9772384b10dbb76542c34a , 0 
2b26540cebfe927bd877c4eb5 , 3 
91627f2a2071d96445d5783c3 , 1 
2c7aada8442ce25c6efc95874 , 0 
75acf2e91497db37370553f39 , 1 
037dc8ee7597706557f4b3d11 , 2 
f77fc251b328f29f72d1bf56a , 1 
50931e0b7a1080393a60f8294 , 2 
a85cefa54fbef5f2fbc40717a , 3 
35664374fb19f12468875c044 , 4 
0a50dca5361acc6cd8355ac80 , 1 
54e683762f59d71569bfe71af , 1 
bf98f0bf40f24dabc5a79e33c , 2 
e3bfa89e3dc015223f77ebeec , 0 
f2b049492c25549e5b88f0b3c , 4 
b5f19faf498607347249f53be , 1 
aa04d4a4c38b9792b1d23aa2a , 3 
83913f62b7b4264adeead3f35 , 0 
485a172cc67ad4b3cbb483d36 , 2 
361b811122ec81dd860734472 , 3 
c4b35f9987a7daef8b488a791 , 2 
cbd505ec166824723e487045d , 1 
30bbc923c77f88cd13d4d589a , 1 
72af7bac16015038282aa3cff , 3 
583585bbfb547bd8a814cc737 , 4 
dfe36abc4ab3e3cb184eb5798 , 1 
ad4dc917568ddaa63f9907806 , 3 
8e11c6f6db4d28d3ca475a1f0 , 0 
50281fee958ea94f90fabdb44 , 4 
e398d7836093b704694e3cd3a , 0 
a64b9fb57ae020abf8a2c5e68 , 3 
5e4e1b4fd3dc1fc21ad994c57 , 3 
0d178751e086c3a07983a9a04 , 2 
3c3716538d7d5b126cfd19c64 , 1 
023f67dff1fe93fa21490420d , 4 
579c944953ca111c874f88e5b , 3 
6348c01d32b0b53aa5db32e71 , 0 
1d9d9b7157c250177027bd8db , 0 
f39d96205b689247bd2e264ca , 4 
e5524f3681c1919900da2d0af , 3 
97d3901a38968bb1e3a650bc7 , 4 
64f2414f4cb951c4a094eac29 , 4 
839d2222e80bd607bf1312fad , 3 
1eed9cc93ebe3afe93efa6dea , 1 
45c517aae6c03688f2befe7c4 , 1 
d2792e5ff1c1a65bdc01b386e , 1 
317c1e4dd237c8fc814c488cb , 1 
01a7c1503fbdf56e2b27e074a , 2 
c8a93904eb94fdb20c6e1a376 , 4 
c20202e84e7b23184ecb9b8e1 , 2 
abae1ae6999d8c1e16215399c , 1 
56a3c9d837d1eed3ef2191e39 , 1 
7b56ef581a650c10dd0e374ff , 2 
0ba7cf6a6defa39be4bd6260a , 1 
6ff3d7bac7c7a6af858da6280 , 4 
bb73a9cb28af37d53b0da5637 , 1 
151f6acf7f1c09c33648696b1 , 2 
d3adb42b989b0dd36773b9bbb , 1 
392b36d84cf4b4f9f7708dd20 , 2 
6e17181a8b6715ee11a224a32 , 3 
28b92f9b91f094044a7aa1d07 , 1 
18c14b5624aa55c96f40a5538 , 1 
8c0f2c5214665202a7a70ed09 , 0 
53eebb82a4c5dcf5e949d0a52 , 0 
04b7dc5f926fd91f8886414eb , 0 
2d144d0eb93575718b1aa8599 , 1 
1436af10e5e60691ceba2254e , 1 
516bb0cbb39da67b2337a529b , 3 
6a31a483ca14731f7c22f118a , 3 
4b4ad8efc8290f6b501ba63ed , 2 
436559f4621e3006c98e31dc0 , 1 
630f76038ffcc1b928ff6ec52 , 1 
9e1784bcec22703ac1739ad7c , 1 
3141650d2908173b9aa761121 , 2 
92f2510c6c5d847d4a08ffde0 , 3 
2d1ed7966be8cf92363fd0393 , 3 
e476bf10cc5a44401815738e6 , 1 
77664d17b18c904cae347667e , 3 
4e902120cb99920dec1d8d504 , 0 
d43ad3ba43ab2f2aa2fc6094d , 0 
82a06db129cc5eee5099bb040 , 3 
80b5fcf7befdb66a1fb9e1844 , 1 
49aef9b1bde522f7fe1d19f82 , 1 
64021b5c8fb635964fc3fd1c9 , 0 
1ea3036f00af7a562a3e02c19 , 3 
5c1a3df58ecbed32814329fbf , 1 
124a8ff0654cb99db7e11e0db , 2 
fe9c28c9ec1d1b703a14be88d , 1 
f04bc79a71fce4a863093efef , 3 
cce2b8eba6932abbdeca9c8d8 , 1 
b504989c714e928997de90d15 , 1 
1d175ac66d61d8d97158300c9 , 3 
531e6abd25b879285d48b1dc2 , 2 
ba5389dd32a3efee986110832 , 1 
48b362c5c478634772fdc996e , 3 
eca14ec9548673e19761ffa5a , 2 
00316a51bdbbc68075cdebbad , 1 
eb5e620254707c5d265413273 , 2 
7c08e16f62c02aa2e0d4aebc9 , 2 
1abd94ddf710708802dbad482 , 3 
eb33050ee4ca2b8abb63bf6de , 4 
fcd65e7e0d119a798181ab9b6 , 1 
f3928b4cd188ff77d721a901d , 4 
3d4b534ecda92f3633f43c88e , 1 
8d1221c628854c751c9ef8195 , 3 
3331238673750eeb36e1cda62 , 1 
8398a696bfe0269eaa9418f4a , 4 
87f9d7047fdb1c8096eaa8724 , 1 
bc6056ea93dab15f86c95669a , 0 
616a425e6a86ecb06a82da4b5 , 1 
831dc852ef0f0c7abc9df9524 , 2 
9b2c773e943dc40634907b0df , 0 
8a87d07420223279eb95c8b92 , 1 
98ad89e73c38d192dd7239f15 , 3 
612dcd12e34f3687972442cb2 , 4 
8384fe7c56fd4d01f80ba6644 , 1 
8342ace20abc831eab1612ef1 , 1 
39166a1befa6c840a19921352 , 2 
00115d578307f40a88a152fab , 2 
7d7bc707fc81fa6ead52e887d , 2 
aaf802c095a0cf8d1396706e3 , 4 
63cc0c749ce5354bcd3e3f873 , 2 
42afdc2a5dce70835a3fc6ce3 , 1 
d286551a420b6f5cbe9c12eb2 , 3 
faaedb5c9ef2a1a5ae2629ecf , 0 
67f19e281b0bb20b131e8c112 , 3 
06822a6276e1632875d638e66 , 1 
e40a7c3de8f26d82b9971b51d , 3 
0b5439e832866ea49ccc07b74 , 3 
364cb4f6808eea9f69a55c262 , 0 
3572b85d6ccccbd141134e470 , 1 
1624360aba791a978daed0c09 , 1 
b6f92187b6638dd238a1398aa , 3 
d13e89061bebb6b523afd56ec , 1 
8e46b44b3b5ee44695f7d5c38 , 2 
3cff6273813256f945fa2c190 , 1 
26e1271e813c09f9a1687f215 , 0 
745f892a52fa97bfd9c7f41b3 , 2 
421b516aa692e7cecec4af90e , 2 
b2e141ae2ef4e14aaa9009f0f , 2 
b570afa203b767e136646315e , 0 
581d315e9941a35753f3a75bc , 1 
64be9af4c65991ee3ed699889 , 0 
72cdc4db4c014214791301538 , 2 
4a74ab827f5c3b35455391f7e , 3 
afa2ac6ed0bb54732a288cee6 , 0 
eaa8ce5208a81c62681fcd6f1 , 1 
a896fa9bedde9bf2583e504cb , 3 
fe2fce816f1e8b6dcc7463974 , 2 
21b572ea04d73641b9b103cbf , 3 
563f899a4372c43534f503bfa , 2 
0eb00422640e83b1f3573496b , 1 
3284abc288438f64429ed66a5 , 2 
d2bc877170ededbfc1112603c , 1 
db79c51a1e9800af710f3448e , 3 
e0060448f93623bd41de76aa9 , 1 
d51d422fff1244086418944c8 , 2 
f9ff47079ae6c627e9eb149b7 , 1 
f653c89a286b288d5d93e2309 , 3 
4c3b15008dc305603c77d7fa0 , 1 
28fd5a99afa4c1e6a8b24ea6d , 4 
09c835716d494dcc25392f7af , 3 
a4ee57779a99b5c1e4850f9d0 , 3 
3c83b4dae2ce6e979b4311aed , 0 
f12a25d28e6cd64cae69b3dac , 3 
9f5524c4e0ee5bf53c995239a , 3 
3f0f1310ccec54957bcda0863 , 4 
cfe491ed5142f7e3b4e797a21 , 2 
5598890a8a02561d145f4caa0 , 3 
9bdee11b626a854f24466d053 , 4 
294ec925de6a96ad853342e2b , 0 
2bd41564b65f9a6aaab405483 , 3 
a141e080f78eb5561f9cf67aa , 3 
0c82ac8921f4df107ad0dcedc , 1 
17580134336c4605a2aa44630 , 2 
f40d7d40c4596b2589bb368ec , 1 
6a314cc4c13a68d8d53c58a06 , 1 
a514e326ea01354ad7e61ec3c , 1 
cd685f43346d48605acb5fd95 , 4 
e9142982634b2f444fb2eef49 , 1 
b43ed1615accd0945c14302e6 , 0 
0b14f2c7b671abc06e62d4bea , 1 
f1652d9aef81d71cfa353673d , 0 
095f2465034ba0e26c50b1cf2 , 1 
056419b58f7f634276915016c , 0 
ea70410906f1514adf4e400a5 , 3 
a2b00faf7471417e600b881c1 , 3 
66fa29e9cb0f5f9116380375d , 1 
ca9cd03f9888c49440ae1ed72 , 2 
eb961c93898f99069c685497d , 3 
842beb3546d253b553f84d872 , 1 
e39492f2bfbdee8dfe7f511b2 , 1 
1305e5323e19a2485efd1d38e , 1 
29a60d9ce37ac57479c4e4f47 , 1 
db119b5790027de131c76e1f8 , 3 
612ffb2f8db088da7d2286fc9 , 3 
ee434e1d6ef931da3795cb57b , 1 
d1fa5138e9d452078de99cc43 , 2 
26ccc41d874840cecae2c976d , 2 
925c73484fef345de1bccaa83 , 3 
ffc9c2c8923541e7411b461ae , 3 
059844d77679bed255d0bf803 , 4 
06b8fa1d4dd88a96ff2d1ca91 , 1 
8d5083ab5f1fa309ebd1a3f8e , 0 
0000e52828822df0a33bd33a0 , 4 
23b8dd4d3165f3dd71cf5153b , 3 
2cfa4b127496aa085a9224f82 , 3 
48b34f4c42421c1a33e92ae99 , 1 
fc64793e6458a8c94f95d299b , 2 
fbc1d9207d46db398550f9fe6 , 0 
561701ac878fbf3f30de5a7e2 , 0 
ab86adeeebe83e9504a9e9050 , 2 
07ecd0b04ee28d64627d0056d , 3 
16bd04f8bdf96877f8bb6a02f , 3 
c9b2410864750833d1e1f8b83 , 2 
527ad0791bbe49bdd3503ab29 , 1 
8a45739183ce224bbbf7ed946 , 3 
cc8d9b0191333809ef15a40c0 , 2 
cab00c5581f837f1b1ed72c8d , 1 
2457c60fce31398c09c347723 , 1 
03f46ef0f84226ca16730fb7f , 1 
036f72aaa91ae381bc5f35934 , 0 
c42a8dd1807ce714353ed3f58 , 3 
9a79d8b02e103ac3c99006251 , 2 
d9072fe53f20f3f8ff8df0ee9 , 3 
25d2c79e9dc012cd109c80db4 , 4 
a8bffbf32a33bee03c5830cb0 , 4 
4cb18cd78d8b949d80b3f582b , 1 
d88fc7cfc61e093f05d1acb0f , 1 
e4ad8a9e64ebf2198e257e426 , 3 
a057f0890246c85bffaa7b407 , 4 
3712ab1fe032dbc01c81dd29d , 4 
59c046e84599acd423225afb5 , 3 
57b9766dffd7d69aeb127ac01 , 3 
96ecfe1cd1c8c6774e905d98b , 3 
06ce293d557ab4b9086be5a3c , 2 
2e929889f5dac864aa2cec34e , 1 
911f7330c5487e9eb1a7747f6 , 2 
f6378ccd8d085d49047762d73 , 2 
0cd38e74b74b2c2890482d590 , 2 
03c67da357d481bc833fc8d77 , 0 
51f934f72911cd55a3ef6d03a , 1 
a9e2495bfecc51d102a81ee6f , 1 
d979624993ee08481536c712d , 4 
8b5aa1da7aeb65020735a2b6f , 3 
d9baf841c81b68953da1aee27 , 3 
ff5e07231cb3e15913c2cecbc , 1 
fa20f38155e30f4dbd34173cf , 1 
6835739eee1e119b09f6b3e57 , 0 
eb1582a98b88776117f946016 , 3 
de4555404d783734a46280afb , 2 
5a95fd8a2b3ba3b244ba367cb , 0 
94a497b69d11a4aa510007e0b , 2 
488611bd85f49a0d609b9232c , 3 
867bf9d3a3d60e92e085f2f48 , 2 
94324f3dbae6ec221fb024b1a , 1 
9745d032fe5cb86ee1d239497 , 1 
4ee22dec4408cefddb0d076e7 , 2 
ad745b2cae1d6d138f4823966 , 3 
9fbab590b98035b0d2d5feab0 , 1 
b6ee744062075445386f1af80 , 1 
da60cbdf4e43e06e743b87c65 , 0 
8328e8fa8b219c748fc444c26 , 1 
7d3dd1971cd217875ee35ae4c , 1 
bd5f2080dd9f8f9db314c36ad , 1 
e4e214920c640591baf80fab6 , 2 
2407e194271705ad824ad7d03 , 1 
1a591e68f9ed1de71372e5738 , 4 
c35dde99e170390ee3bed34ea , 1 
d0590dee6efe1c8c740d3bc1e , 0 
cb493b483db44bec8bdd06fa3 , 3 
61c1f3f7bd11af6120622bbef , 1 
f5b136f01dd171cbc26647451 , 4 
7cf56a4be1c427b3a45e3c096 , 1 
6ff3f6437d9414d0f0e02043b , 2 
98a386ab9cff9e5b1e1afdcda , 2 
a41d0429d26afcc49c8d905d7 , 3 
75863ca62b0161870f0d63949 , 2 
fefc634504a46d006c31ca3b6 , 3 
1b452f2ee05b7677d68cc8114 , 2 
8e4192f8f810011e6606e123a , 1 
30920afad4dc1fd65d8538715 , 2 
2dfcf9c9d090773370c3026ed , 2 
8ad16094655a34240da748e90 , 3 
506977b0e97a1701baa9cf037 , 1 
6b5ef779ef5d771db34a43405 , 3 
38031e9bd3a392c7fce65ba9c , 1 
bc66a77ac53aa0856f47229b5 , 2 
1632f8989f3c304fb64675d35 , 1 
bc07596dc184fa48f867cc5b6 , 1 
ede414d01f00db61e42968eda , 1 
6a547a05f6812228f1501f6cd , 3 
8312c7133dff741933df663ce , 1 
d06fa8491add81d67e6fb560b , 3 
d391549d6c66fbbe4b90d71e2 , 1 
6f853da4109bed76bf5e11190 , 1 
bc4aefafe576777c548dff5ce , 2 
5889d86c62ffd4c916361bd9e , 1 
c3081606bf037e0d534e2b0d4 , 1 
8e65f297e8a753732c4f6ea92 , 3 
511508ec8a294dcf870e38b7e , 1 
f5d625613187e6430d3480216 , 3 
1426c3ee6c4808b958c0eaea2 , 1 
9418ef107e4e3c42331de56e5 , 3 
67230c5a65fb03235205f4b7c , 2 
6aa5f80c55ad6e5acbf2b4f6c , 4 
8489b1944fbabad5c2a34925e , 3 
43697917602b280b9225b77bc , 2 
aac6f9d856d40f73f06ac337f , 2 
b6078fd826064618ba11f5c1d , 1 
581d7a3cd201c7af23c775046 , 4 
acc66bca157441c8eb78fd0c2 , 4 
c88508f487b798a9384df69eb , 1 
1ff67c25ffb065c3ed31c5663 , 1 
3058b605338d3bbe40e02868c , 1 
8990c013266e4ec8dc9c7e36e , 1 
11e0235dc6a209838c79ec8ab , 1 
b6dbb909457e5b0dd407a3723 , 3 
8d0398442c5a53330df1a4d82 , 1 
991cce3773f36bd333a067563 , 2 
e39f0bc0a81a27a0fa0f228be , 3 
ecf434ac14c2a3f77dd306b7d , 4 
ef6e77c22fc92328982d8ba7f , 3 
68a33d74426406a6c9f1515ef , 3 
427f842a823fd6e59352b44a3 , 4 
be82bab55e34f7e31a34976f2 , 2 
e0a263c3d36efd7e617c26c4d , 1 
d2b5a09d1407724a2652d2b88 , 0 
7317afdbd619c962581041315 , 3 
de3abd566d5f4d4c9a77597ec , 3 
e2c182f435897ee8858156413 , 3 
27a7bf1695d0fab53a59fab96 , 3 
64f715442c5cf87746ff88024 , 1 
0aeb5a23467222abda458b5cd , 4 
b8b7467b0ab4dc98e569c76c8 , 4 
5cc0f0418a4f1934b218fef3e , 3 
f40ea7f85569e5571e1eddf36 , 3 
5d526f7a3154258cd3e57b6f8 , 3 
518943ee207ce40aebaaf3d80 , 3 
a03ffc7b9f1d9caffae46193f , 3 
0776de29fb34ef45e9899c56d , 1 
34dd71d69f18b52b4429e5c4b , 3 
a6670c2781d3796fde570c2c6 , 2 
c058c4e505bc01f077cd04751 , 1 
f25f15790d22876899f5bd63f , 0 
7cdd71deafbd5a9a5520e91c9 , 3 
6f223c5f2c0b1abe2f165448b , 4 
a697c26180eb8eda6ddfca158 , 2 
f36989e012b962cd37ab99632 , 3 
1de93e36c54b7f5deb79ba90f , 3 
12d9119c491cb3e27ae2a1588 , 3 
e2cf558c9414b976276ccbed3 , 1 
185b736e8e5caa0a9c980089d , 2 
41f842bea7036ff7c9ade52cc , 2 
d21e7ff5b13dc6ecef5a6d051 , 3 
9e14eb4f0db125ee8d20828eb , 2 
6d7f0e1dbdfa8cd20a7b9fbb7 , 1 
86b28c3aa552d135bfc165c6b , 1 
6999530cc3e3e4a89af25541a , 4 
615561cf733ee46167c3efecd , 3 
134ffa01e99ed9ad75ed20f77 , 1 
a2ba5878a7a494dc8749f0649 , 2 
97f92baf116d78f8d87acd62e , 4 
af72a46e5e2f4c8d6705ecb6c , 3 
708e850026414e91b0bfeb992 , 1 
0522be1efbdf01ee5d6f494e7 , 1 
5f0555380ae0c1a108fa925d7 , 4 
3a2297325271f01db8eab848e , 3 
b449c758c5ea50e492392d982 , 3 
5e8a4f07813095b86a79b986c , 1 
0d103037a783e6744b8cc5577 , 4 
11d82a1665906b2550e21db8a , 2 
c2a5a55460c5f8c680c3fd0a2 , 1 
cd2f640ef74f1f63f5112ec3c , 1 
7d69455302c48eb1c3947f1ae , 1 
1f1b45e5de936afd7c8378400 , 4 
3b538dbfe9b92a6364e3fd18e , 1 
3965ac91c8175e8cdf8672858 , 2 
93f73a0e6f4115b6f0aff9663 , 4 
d48e8688fb7ffd330bdcd201f , 4 
db5352eb4b1ac4affc3272b45 , 3 
827f157b8114aac771cd6a77a , 2 
ee68b384a38b03b09f341bac6 , 2 
6ffe8aa3c21a5776a66f331dd , 1 
264922d5c801c9dae2e7e261e , 2 
f65e007efe0815eaac01f1fd0 , 4 
c23e958ca027e52330fbbf062 , 3 
f1efc50329440d1e4432fa70a , 1 
50b02f27e1d1421ba1af691c0 , 3 
d53cc9b2a58a1e19baba0c193 , 3 
ce5cf851593ae09cc7c27c824 , 3 
a42cb50d0cf3ae0be9a94b6e3 , 4 
5204c57c33767d80573a4a8fe , 3 
b33934e2eca8ae227388ec616 , 0 
e8a8fb8dad1d93d277ee6329b , 4 
641944f0921df63380b098f12 , 4 
a6c00aa14b8e1f1b427761c09 , 3 
aae7160a51e276b22d2f9f9db , 3 
ef8c6e2e9ca3dc18b94b51fd5 , 2 
8b6239dc09eb19cb9281b9f26 , 1 
036e25168d73105c4bcc22c06 , 1 
8b3c9f787e65ab2b0da43def1 , 2 
d074936906fbede5cb017b0cf , 1 
6266548e4c84593c36110fff1 , 1 
a09a5c630732713ce5ad99672 , 1 
44e4971eb54afd6d64432a7c0 , 1 
d5716e3aa1c5ecccfaa6d65cc , 3 
4daf9b7da43bfce6f3c542f32 , 2 
5415cd4642653d64b8b709cec , 3 
77d2145e4bd92ca8bacbb9477 , 3 
ffabd16be080f17f95be00915 , 1 
f8ed5b3d73d7443b403252209 , 3 
e47f277b75f127158123813f6 , 0 
a4b58d8bcc42fd586143238c0 , 1 
8d8330077644d8d2a79d69ddb , 3 
2b8cc45031c9ea5c49dabf718 , 2 
d8b5dd801e4448744baad0029 , 4 
524bb01e50a428cef44fcb8f1 , 1 
9cebaa713a0ef4c65dad0f511 , 1 
8c0a26740d8280f93cbe09173 , 2 
ee58d9e08f3e01bcc808f24d6 , 1 
2dfef194f978ff348e8e4bcb7 , 1 
41eea3b1b09ff757dd25b63b9 , 1 
19f56a0e503365b3bcc51a900 , 1 
ec49ce58238e35e87fa7a3a4b , 1 
2157c24227a5cca1adac14c37 , 1 
fc3da770012839c296a29ef41 , 2 
7531c5f5392b8fdc218c4a2a6 , 3 
a72acd63c4f4fa68cf8911d79 , 1 
ff68affc2bb8d1405b5c83e1d , 1 
9543940402d97c17c9399819e , 1 
fb061c82339aeb1d9ea79435c , 2 
9930f9bd49195ac3cf178ca22 , 0 
09257501b4d01b8fcfded7e5f , 1 
078fcb4d5c9792067fde7422e , 1 
e0d8241bb012465c196a362b2 , 1 
4615d985724f29266f2fb673d , 1 
bc155bb667d4ca13d8dd5ff06 , 0 
f8faf940165e7d774754f993d , 0 
7f8433f781e38ae631b24c802 , 1 
9558e87fc6b0efda84b684536 , 0 
1ce5fae084de69c2a01589aad , 3 
f6c98ccb074fe5800e7dcf552 , 3 
b4ba118d8e399ea7463c31240 , 3 
73b71ed6fdabf4de0004ef68a , 3 
9033b44af83e9a3c0eee42fa5 , 3 
afe0b4f0b475cb9d3664684ec , 0 
eacf4f74d4eb25767cf954853 , 0 
dad203a1fcce4e3da880b324f , 0 
ad7a7decae37aa83cf2656dee , 4 
1f7b313b9c0b59263b20115f1 , 4 
71990fe5c48b60a91826c8a41 , 1 
d04169d1eba0e5532f07376c8 , 4 
4fd559d864f3e231ea8c0de9a , 4 
ae6d5954027bf9e4968d346ca , 2 
87f76e9099af6293a3d14a8e8 , 3 
d35f74ba3bb37f1eccbe963c8 , 2 
62b7bbb3061bb2d7ab43c5480 , 1 
c17398687827b6ae79080eb60 , 3 
e98101ce197a4aec5c09db7a7 , 1 
4367980f62fbb5148f253abd3 , 1 
2e7ade2a5a2aaa2b5186f1553 , 3 
9102e7cb5ee2b11a556573bc7 , 1 
0f132e608e8ef3c90507be2dd , 4 
d68efbe2b8160c4eca3b352a4 , 3 
641b94d1a50495821eaf68e45 , 1 
f71a63462f2f704eb078ede2e , 2 
f28f88d6b65fc0c1f7f8730d9 , 3 
495d3caaaa26194524c571bc2 , 2 
71dfee50a4dd327cc125c9ad6 , 0 
ff2aaefbfb81bcd28af0c18c7 , 1 
253444e119a0b72e468b444a0 , 1 
b5419977f05a440d79e2de4e9 , 1 
e8661709fdcdc01bda624112a , 1 
225fb8da3ed5d25a7dbe7fd10 , 3 
4b231e9453b4f39d91694ff69 , 2 
9e2fff1c7dbac13221fe2ccd7 , 1 
b656f41727ecc815b76d580b6 , 2 
bf08fc0c0c250dd576a6bb87a , 3 
26bb56fa1619f807f39273822 , 1 
ad73927874a1c9160a4e00ff3 , 2 
b44de384ed18bd8702c8af7c2 , 2 
99beec2c630039a7b5870b9be , 1 
df78314768edc237c0eb933c9 , 1 
ee4f36955567a5bb27ec7f458 , 2 
439a5a449c6101cd46cf29350 , 1 
767f256b9bfe19ff7b6cf7951 , 2 
377880477b81258a911974af1 , 1 
5eaa06a4424b979729167911e , 4 
d45e32de078b93963a44bd6b8 , 1 
358da59b4a8ded8b2bc961a25 , 3 
e4010591f41e53dfd9dece662 , 3 
1267f433f1451e62d999c16c5 , 1 
8e3946198656994ac8a183412 , 1 
702a2ff569e44bbf477062a8b , 1 
7198fc6830bc3394a5e38f26a , 4 
24f9bf15551e1bb32c7196bb3 , 1 
97f9fd59bf558748306b8fb4a , 4 
cd1d33141976cb26ce52d762e , 3 
95248fc32d6106d2266fbf46c , 1 
f76cd99444634b28a33674d91 , 4 
de6548ceb59f798ee10c50219 , 3 
3b748dc5adc975b62bb91c867 , 3 
54bf4142675636abb8e6c55eb , 2 
99e7de68b6073de529a60e972 , 1 
cc175eb52115b529665daae07 , 1 
74f604fee670bc13e6f769fbc , 3 
fef4c0f5c44bd2014e0717b54 , 1 
18e6c7112ab2ee2798d9140cc , 0 
352c5f247faef3b754bcd4073 , 3 
58ba3417ec6adea090e63271d , 3 
89413a8fbb97c52742ead8a0f , 2 
c47088605d04c5acc265fabf1 , 4 
563282f43fd78e5dc98df3441 , 1 
562ac2adf8cff39bfd2cccdcb , 3 
471488f7fdfb012062fd72d53 , 3 
fb03129a7dbe7bb43dc3f7cef , 2 
9fe25d5f99ba9c1991f30d8ff , 3 
0aee6829241ba9fe1cb10db29 , 1 
65a63148e6efa87ea2f7160b3 , 3 
ed997c474724bbf5f4f7a3ffa , 3 
e4d4f65433a7fd204b39b4a58 , 1 
5358dac1502c07987303f62d6 , 1 
59221891f586d99a0ee524ce7 , 1 
4d9c98b1813fac47421518613 , 1 
3e098b4727cc92b7287098ea5 , 1 
e8238b293263afe0f59a2d4b3 , 1 
ba3547dbbd9f2ddeb6da54412 , 4 
9edc3b8c07dbc492b8d534473 , 4 
4df06c607933c5ac0170d43e9 , 1 
bd7982dd9fc8dced8be350ef1 , 4 
f008c24657a3dd9ebd6660a0d , 1 
380f0afd2540d3a73c42792ad , 1 
7a1969ee321a11add4684b09b , 1 
69beab092aff3ec3b1da78a6e , 3 
66e17ee1464244b96dab11238 , 1 
cf30fd91d813a959347b2b4ac , 3 
753eb690c23ebc0eb470176f1 , 0 
a791c9e2bc95f1d93653bc493 , 2 
f9faa8ee179d00cf7963141dd , 2 
fd96694f38bea2a91928d6b41 , 1 
94533691366a5a0c0acbc98a9 , 0 
74861abef6b733fdf5405df46 , 4 
359871beb80121b7fd2b462f9 , 1 
552ac3f8ea7f1ebcca5b9340b , 3 
b7112443b76a2d763836ac0a8 , 3 
87473693be37ab1fc08a30362 , 2 
953d1514258755e385b380fcb , 3 
c201edb3ac219b70c181a24e9 , 3 
d3dac8584baf0ecda1cff07c7 , 2 
98c9c2c8b9dbee5b3df98c917 , 1 
3c541b976a761b6279cf14fe7 , 3 
933a40758faf10758f7093379 , 2 
0d48ab89150a70a68d88a5f71 , 0 
8e51f6f6695aa6694b13c391b , 3 
eaa04868ac1670e5efd45ae5b , 3 
6a493c9407b395f0bffb243e9 , 0 
4a59ec117aa3c5e569568adae , 2 
5eb466813e899edd9b9257691 , 2 
76746f77fda37b57ea47fbde0 , 4 
0ff4611b0d1383674569a4c8b , 0 
d0aef42863b06a1dbebee986b , 3 
ea2364296ec7a0b17c99305d3 , 2 
00067ed963bad9bda30c71568 , 3 
8727e8c782f1f3799e5e3feec , 4 
e7f743fec1a5e06730e275b09 , 1 
eb19107e0f68f4e324dbd36cd , 3 
d94bfb0aead32bc3b831a4e34 , 1 
1a7d14257ec45707131a1d47f , 1 
e3b5ffeeffe9b429d8c7f1a77 , 3 
8a23eb70f8c6a279752a17f0f , 3 
6744f55cd8a525d7ca22607db , 1 
e924266592370e4308023ad7e , 3 
ab04dbc96aca0498bdfe02f0f , 2 
6961697b7c4b089da67cd31af , 0 
2aaa7c2d04ef6b9453172aee7 , 3 
fc4774d9edc6d8f5b8e8d43d7 , 1 
4766a49bd0af19fe60f5b7803 , 4 
5ef426932e7c2d7152fc901ab , 4 
d7d7def7460fdbc69390b8717 , 1 
5514b8c908e061a92c0d3fb59 , 2 
53a328a14a3884cefe697bb1d , 1 
348d59f738448b3d251fdd72a , 1 
686b87c5e27b87956a57bf268 , 3 
c9133e880d95ed25ca66dfe1f , 1 
71797ddb168835b62fd2d77c7 , 4 
a3885530cde6adb1d1102f9bc , 3 
f0547f957f3656dcabb16065c , 3 
6b3383173861e87bfd75604a9 , 0 
e42e7d94c9a32690d1df4b21c , 0 
dd268c3e2957dbae30915f9cb , 2 
2e4fa577ea69f5f1d2f2a622c , 3 
d6c668b960f7c645d79caa94e , 2 
80c9e9bf37fa1bf7cb6924ba7 , 3 
4ad90c330378655b4c763cc3f , 1 
a2c6ea7ab5de070bab75e56be , 3 
a7b8684d405014ae86e30dc65 , 0 
a9f99f869d26d8d612d9a9e3e , 3 
76dd84c98339d4fac10339de6 , 1 
a602bc794a328254c61efb001 , 3 
b406b84757bf1cf36480c9ce6 , 3 
c1c0f77e669bfb61dd7599dbf , 2 
